1024
0.013305141
0.022481829
0.05877561
0.010283276
-0.0651974
0.08951681
0.039133385
-0.069677964
0.065030344
0.08793902
0.031907722
-0.061345138
0.009516856
0.055846095
-0.0064567844
-0.036948692
-0.1124887
-0.02148645
-0.015139472
-0.06873942
-0.09302367
0.031966753
0.052381113
0.033469006
-0.09065904
-0.04326428
-0.03438694
-0.024783507
0.059998713
-1.0812085
0.050084036
0.10278192
0.23569751
0.26736236
0.054736108
-0.2873127
0.024531292
-0.029087553
-0.08465473
-0.4099309
-0.004312592
0.10111702
0.012742419
0.00916565
0.025505153
0.05767284
-0.04341499
-0.028978156
0.014233291
-0.044892263
-0.04059171
0.062987365
-0.031409506
0.054120723
-0.24500842
0.057294827
0.062237572
0.5312074
-0.029747806
0.04608519
-0.054649837
0.011404816
-0.12906557
0.022655856
-0.057667434
-0.047310505
-0.05240133
0.01516603
0.10598958
-0.021353588
-1.0700287
-0.0197319
0.12622291
0.10550618
-0.4465345
0.0007784298
0.030124074
-0.03970351
-0.018869806
0.19106573
-0.014351275
0.021733144
-0.40106288
-0.09857962
0.061761577
-0.03712424
0.071303286
0.25896665
-0.028653434
0.014258115
-0.006751672
0.44246218
0.042788137
-0.18559776
-0.012754033
-0.024496334
-0.028307445
0.0731002
0.03961141
0.4687628
-0.139962
-0.04352393
0.028870175
-0.10631832
0.08797195
-0.033092573
-0.03369029
0.020001395
0.04183964
0.39033425
-0.03664707
0.18010888
0.053527478
-0.1717282
-0.30172917
0.0739263
-0.09781449
0.07392372
0.26054114
0.041146696
-0.069068305
0.079128295
-0.05570642
0.010784753
0.08574769
0.105352744
0.011039216
0.104444705
0.009362646
0.20045029
0.11503129
0.06929849
-0.031745583
-0.046121877
0.119418114
-0.10216821
-0.23388949
0.03965075
-0.0055767214
-0.006002891
-0.18292454
0.13016151
0.14681101
0.09625097
-0.025574148
-0.24580391
0.07863127
0.22984445
-0.04247458
-0.025515337
-0.060527142
-0.02090247
-0.006794909
0.026709639
0.013707766
-0.0008791945
-0.0025626423
-0.19990577
0.07268168
0.020357227
0.0034771436
-0.06285905
-0.012072058
-0.30721277
-0.028940659
0.04790614
0.05248883
-0.056279235
0.110032335
-0.5154614
-0.019028923
0.065814346
-0.06182534
-0.09877757
-0.18112993
0.19038229
-0.0024193937
0.025824487
-0.13681714
-0.03062432
-0.06230143
-0.06768132
0.011491549
-0.008504439
-0.062071715
0.046968393
-0.12179569
-0.12988469
0.09188369
0.14839214
-0.02258787
-0.026524961
-0.10041038
0.094284564
-0.19471417
-0.05961579
-0.028673345
0.0059805973
0.08159145
-0.041153274
-0.013902381
0.11913844
0.078992635
-0.033994507
0.016285874
-0.12093091
-0.23474234
-0.07621909
0.031768084
0.077238575
0.02847735
0.015583706
-0.009154202
-0.023111194
0.023442153
0.037380762
0.04563613
0.004170354
0.1764542
-0.16619615
-0.13928108
-0.03580494
0.011052767
0.013505937
0.5928224
-0.054772522
-0.44042134
-0.11801196
0.028333642
-0.2597908
0.009284903
0.06888425
0.09622151
-0.096890025
-0.034042675
0.11104269
-0.005466646
-0.028090212
0.0074025164
-0.04941146
0.04314755
0.072233565
-0.07188231
-0.03690989
-0.05179144
-0.8832785
-0.047385413
-0.085641764
0.1528648
-0.23576786
-0.04450772
-0.015683515
-0.043137677
0.07620477
-0.15546547
0.31262076
-0.0023312876
-0.1148967
0.109073184
0.060691737
0.019105159
-0.029991748
-0.14891556
0.032366484
-0.03033281
0.038956493
-0.07290968
-0.10609956
0.15536468
0.08834764
-0.24555978
0.03837379
-0.99786615
-0.01772761
0.0049312077
0.09328157
0.09811536
0.3581257
0.0028155625
-0.026604097
-0.17472152
-0.010396266
-0.38987616
-0.035319347
0.5585412
-0.051116947
0.105712205
-0.0023083186
0.12701224
-0.0632703
-0.024153871
-0.016754866
-0.041588783
0.11592442
0.03810108
-0.28772023
0.066703156
0.06556106
0.013049094
-0.018354412
0.16116619
-0.14004819
-0.02576243
-0.0635172
0.15609895
-0.033588402
0.08516957
0.014642774
-0.13694702
0.018662367
0.061630275
0.1251275
-0.009008725
0.0022793908
0.08199883
0.05184203
0.03956314
0.013961163
-0.038158894
-0.006272537
-0.012687194
-0.17286281
-0.07114846
-0.026258111
0.011660624
-0.020155244
0.25668553
0.006250615
0.0070155007
0.027430411
0.022218702
-0.09398519
-0.42580837
0.07794843
0.014596223
-0.17375551
0.02490499
-0.13409631
0.06834107
0.025750834
-0.025710585
0.040132176
-0.32439762
0.00530973
0.10546769
-0.047734365
-0.030441618
0.07521057
-0.37981582
0.12154938
0.10913462
0.060643736
0.13206902
-0.09147495
-0.0522395
-0.02164153
0.02628396
0.06301698
-0.03458692
0.026752852
-0.01968205
0.04668027
0.022338431
0.045411047
-0.0044699833
0.14132074
-0.080229096
-0.10516872
-0.09123355
0.03286952
0.13358562
-0.0071079796
-0.04312208
0.050072845
-0.007323758
0.13359459
0.011128904
0.054930847
-0.00085488777
0.059802473
-0.24852403
-0.0023283337
-0.06500448
0.05087729
-0.23947418
-0.006174952
0.13677655
0.20471103
-0.03930878
0.047674417
-0.068307154
0.13240679
-0.02227994
-0.0491866
0.0010717362
0.01706313
-0.05969631
-0.08563637
0.003201038
0.079988375
-0.012259857
0.011026964
-0.05982166
-0.03282718
-0.08682743
0.02611852
-0.012645704
-0.042865206
0.06038481
-0.023518836
0.05552099
0.02248747
-0.06702654
0.056108307
0.07414061
-0.16346033
0.301057
0.021978438
0.028701875
-0.004386129
0.10009644
-0.014360721
-0.033762474
-0.0847596
0.2099109
-0.021629397
-0.0028019245
0.015356399
-0.39490947
-0.0062908703
-0.021775037
0.011775136
0.0074310936
0.042782683
0.108472
0.0199325
0.03549193
-0.08288757
0.3232618
0.7351001
0.06116782
0.25156227
0.02051819
-0.05029271
0.0003057498
-0.04508922
-0.16666125
-0.05247458
-0.055286214
0.0013005721
-0.14868255
0.104410246
-0.021768728
0.10153111
0.154203
-0.040552538
-0.062256847
0.059199005
0.050286233
-0.06347152
-0.030761402
-0.10301152
-0.08038977
-0.09364424
0.009130132
0.041174643
0.02077522
-0.0007062325
-0.7313447
0.09851543
-0.12254748
0.0020857085
0.05239993
-0.52742904
0.021214066
-0.17157516
0.0075389617
0.006302401
-0.0033306486
0.16233805
0.16449395
-0.07639784
0.075006045
-0.0546299
0.081853084
-0.26765966
0.0031844086
-0.08130539
-0.00818571
0.032837257
0.049619716
0.14751908
0.9975565
-0.032952417
-0.10827335
-0.022721143
0.014148243
0.07607878
-0.78147787
-0.012011064
-0.016508196
0.39892232
0.13035598
0.13339856
0.0064938073
0.33363572
-0.103070155
-0.08285963
0.08405506
-0.018330082
-0.13096364
0.15565673
0.10030029
-0.061275274
-0.026751352
-0.052439928
0.012922246
-0.015154355
-0.06486967
-0.07985198
-0.0006568257
-0.024737285
-0.029415008
-0.10280061
-0.009411469
0.01622456
0.030748054
-0.07823217
-0.58792824
-0.01343448
0.057163358
-0.043042194
-0.018576153
-0.0014806595
-0.027171236
-0.031495154
-0.20828168
0.092758745
-0.024170794
0.241136
0.0008024905
0.14241019
-0.08339986
-0.124374546
0.00075298967
0.27822223
-0.02374949
-0.037397873
-0.04615966
0.023212772
-0.10331086
0.16614811
0.23931204
0.23372194
-0.18910247
-0.018575318
-0.01508185
0.20166057
-0.3249014
0.064261235
0.033626996
0.05810876
-0.13578299
-0.33598816
0.021033715
-0.02250532
0.0054667275
0.037357286
0.33515748
0.007843275
0.10198042
-0.044390325
-0.07754799
0.043778248
0.025348295
-0.0013991353
0.039643835
-0.09398936
0.00032765308
0.14709088
0.043769453
0.029446632
0.0018060175
0.0069949804
0.062430233
0.19297937
-0.0055307276
0.24042355
-0.005712839
-0.022456273
0.06987559
-0.08674265
-0.086158946
0.0075974525
-0.02674747
0.04499242
0.032824013
-0.007892255
0.07914479
-0.008584206
0.01499038
0.055555463
-0.0045044897
-0.0014256536
0.07815963
0.15267733
0.0013727313
0.016702345
-0.0086231055
-0.040217943
-0.0726094
-0.22194548
-0.0944051
0.066970505
-0.17897949
0.07287814
0.052387506
-0.00070117996
0.08302924
-0.09242707
-0.2733398
0.0074547487
-0.030594183
-0.007115437
0.12275731
0.021127876
0.0062426114
0.07395954
0.53128916
-0.07445411
0.018581005
-0.04471899
-0.090423584
0.16747713
-0.077372916
0.00012759733
0.06633157
-0.004338543
-0.007025823
-0.028516369
0.07259364
-0.27912432
0.046764214
-0.020804442
-0.052085266
-0.012149457
0.016297508
1.814064e-05
-0.020999692
-0.07380124
0.600188
0.034082536
0.08479858
-0.02909901
0.05511042
-0.049752746
0.036873788
-0.4207278
-0.012381523
-0.054791987
0.36573595
-0.04213144
-0.10379079
0.060776766
0.101948924
0.05159341
0.0035976777
0.031360593
-0.103673495
-0.015714385
-0.0040510185
-0.024219507
0.05874338
0.01558497
-0.0097952
-0.14666136
-0.123657875
-0.0828805
0.039538078
0.0233241
-0.40566018
0.025865465
-0.09973402
-0.10956325
0.22311866
0.057184868
0.059058826
0.5450074
-0.016024102
0.114662774
-0.20729376
0.026459819
0.06322114
0.34014893
-0.026080035
-0.04709586
0.008889833
-0.006719727
-0.15283169
0.02576281
0.03128623
0.10233083
0.056939572
-0.0061008367
-0.03640316
0.44419637
-0.033865396
-0.0258901
0.009291631
0.046864584
0.11608855
-0.0027450358
-0.0071922755
-0.122504406
0.021521417
0.007131066
-0.027839476
0.014923041
-0.13865031
0.074462
0.19633086
0.0047596917
-0.0040948223
-0.028603602
0.038462333
0.01597416
-0.22779302
-0.15013184
-0.1834567
0.03189429
0.06440875
-0.02558869
0.038334984
-0.029989244
0.02354901
-0.0066744867
-0.054196194
-0.05772329
0.0018985695
0.10226651
0.024346445
-0.020674873
-0.15374681
-0.18639395
-0.8348635
-0.0008020183
-0.16885199
0.075294115
-0.27479896
-0.3673213
0.0013945387
0.035251863
-0.6556393
0.06324168
