5120
0.9063298
-0.10202471
-0.06810211
0.017720269
0.0025205987
-0.08691025
0.04133346
-0.120353065
0.08431655
-0.013698899
0.015880007
-0.033720832
-0.13728265
0.04521783
0.007815533
-0.012623379
-0.11475293
0.024174921
-0.010645388
0.04032904
-0.08461908
0.042378478
0.004682797
0.012443013
-0.051881146
-0.025914697
0.046396006
0.0363194
0.020491445
-0.93085176
0.027058987
0.086833104
0.15428437
0.36699286
0.008909156
-0.05799621
0.010845766
-0.005684395
-0.089145795
-0.39180967
0.029338753
0.0076123797
-0.03043562
-0.03480107
0.01745382
0.025742877
-0.13057603
-0.031556427
-0.0017440905
-0.1423605
0.0022068245
0.017824216
0.019868085
-0.059836578
-0.24349439
0.014218806
0.12631352
0.47130314
-0.015164816
0.043620784
0.075374566
-0.018867435
-0.12698674
-0.019434404
-0.0729005
-0.0948676
0.053700868
0.03352252
0.06421641
0.028712649
-0.8037036
0.065059565
0.14475329
-0.013652803
-0.1317988
-0.013669463
0.030382674
-0.07330161
-0.015151937
0.17657898
0.040682252
0.015120739
-0.18612765
-0.16176707
-0.022345798
-0.011299488
0.08679767
0.25522313
0.13205154
-0.020234188
-0.1509985
0.38909706
0.039308283
-0.1911289
0.034154773
0.019459045
0.005652018
0.040995765
0.034989618
0.4319337
-0.27444068
-0.017855339
0.020951457
-0.08287701
0.04943075
0.007573831
-0.036159948
0.03857639
0.07536997
0.40115649
-0.038985696
-0.006638093
0.2614638
-0.32875717
-0.22811396
0.014244133
0.042858075
0.07270224
0.17771062
-0.072898924
-0.16177706
0.10387008
-0.00979415
-0.047240354
0.056322224
-0.012540032
-0.027154904
0.07991205
0.010525862
0.08945022
0.04565146
0.01100636
0.06407528
-0.02152404
0.12105134
-0.09797997
0.027764538
0.013283883
-0.07295638
0.015936034
-0.1925861
-0.08059859
0.10374762
0.118256226
-0.030061591
-0.14723933
0.013749616
0.20200391
-0.0025982035
-0.013978863
-0.09177787
-0.00874702
0.006216832
-0.006426778
-0.012701381
-0.007710553
-0.009614076
-0.28282768
-0.046407677
0.026191337
-0.018675359
0.004595303
-0.010359383
-0.19062047
-0.039270505
0.032443054
-0.0022978378
-0.09776581
0.07337551
-0.6137269
-0.007053955
0.085984536
-0.054854907
-0.08490331
-0.21842748
0.3646449
0.093439594
-0.021469302
-0.0890879
-0.1001812
0.09331509
0.10483598
0.020012043
-0.029689709
-0.062158737
-0.009490569
-0.2038453
-0.07838072
0.05660827
0.007749245
-0.118289284
0.8053652
-0.07634791
0.06589219
-0.07082991
-0.027465485
-0.051317282
0.018248042
-0.018242044
0.052303907
-0.025281474
-0.06508066
-0.061893065
-0.003997302
0.023882257
-0.06735226
-0.21226592
0.06609816
0.058091864
-0.083808325
-0.027745651
-0.12845692
-0.14040962
0.022969522
0.004342863
-0.006306892
-0.10895683
-0.01988947
0.06102041
-0.112290606
-0.04738413
0.015152392
0.04015398
-0.050671466
0.7369728
-0.054157156
-0.30910414
-0.0065529877
0.01307026
-0.39214927
-0.0040358086
0.07042044
0.030800747
-0.05408947
-0.056917917
0.0067796414
-0.00875451
0.049255807
0.017744392
-0.004520052
0.03771062
-0.018687809
0.08236753
-0.00033794032
-0.0168354
-0.8627609
-0.069422044
0.045859523
0.11467229
-0.16804567
0.08992586
0.019890592
0.021928592
0.060735766
-0.023321003
0.23566926
-0.02329282
-0.1148581
-0.0014211889
0.121305734
-0.012846023
0.07430364
-0.008662016
0.020873642
-0.01775438
0.07885395
-0.0713102
-0.027608862
0.13817477
0.048864
-0.108947456
-0.051303644
-0.904077
-0.02840352
-0.0656348
0.027162125
0.07104033
0.38174534
-0.01997874
-0.0049458593
-0.09722615
-0.018872237
-0.30474243
-0.095065914
0.47087967
-0.080174424
0.24630718
-0.008785367
0.05733545
-0.09039119
-0.13794021
-0.0665794
-0.08566569
0.019113416
0.0048972955
-0.28927955
-0.0146051515
-0.020766431
-0.011469565
-0.01319816
0.06779904
-0.12384556
-0.015426647
-0.021080542
0.083217405
-0.0047003375
-0.016208587
-0.0045036483
-0.14394939
0.023810564
0.030058557
-0.0513409
0.021057429
0.032960974
0.10809593
-0.05034969
0.055493213
0.028742531
-0.047577005
-0.01602603
-0.087737344
-0.16711248
0.10494799
-0.04644601
-0.06883004
0.048252586
0.12033608
0.03969705
0.03164372
0.008630311
-0.07611853
-0.07651875
-0.28684583
0.058699325
0.0014921064
-0.28449753
0.0069578667
-0.14225341
0.006716432
0.037194055
-0.00802563
0.033927597
-0.3317793
-0.0012612762
0.13808848
-0.08618973
0.04302998
0.06679997
-0.32357877
0.11179935
0.061107334
-0.22359219
0.1339547
-0.13315949
-0.09910631
-0.0025404799
-0.024182998
-0.11295473
-0.03471912
0.017465543
0.051746145
0.005883606
0.033584952
0.04576259
-0.03864762
0.0731614
0.014317457
-0.024879077
-0.017852455
0.061283715
0.033138674
0.024024324
-0.024995113
0.059561476
0.0192251
-0.0052928305
-0.0043690554
-0.14678237
0.084771454
0.1139043
-0.26967284
-0.05073741
-0.008067548
0.06534429
-0.26433313
-0.07890359
0.15653864
0.112702265
0.02528611
0.13812087
0.0356931
0.1338702
-0.021660509
-0.0039137537
0.008255556
0.13110451
-0.09816436
-0.06531734
-0.011434199
0.048115138
0.01974768
-0.079862654
-0.19434287
-0.008885478
-0.1248539
-0.010589939
-0.15604573
0.00260435
0.05122365
0.002300147
0.047413763
0.004769238
0.030560745
0.056448307
-0.12619731
-0.20784037
0.14063667
-0.0073804157
0.024798708
0.019003816
0.1570309
-0.15364102
0.014992533
-0.14207405
0.16254783
0.31752893
-0.0076270164
0.054206453
-0.31194738
-0.044992886
-0.21817565
-0.105506696
0.7570372
0.22815439
0.0006448629
-0.26128566
0.050664056
1.7845931
0.35575104
0.6052559
-0.00813939
0.14899124
0.021726007
0.023253888
0.031943295
-0.02647738
-0.18687342
-0.002342366
-0.103525616
-0.010173619
-0.17632107
-0.03792421
-0.01625039
-0.011938418
0.074858904
-0.05189278
-0.040321596
0.043179225
0.10490588
-0.0694334
-0.22895518
-0.119947866
-0.09126178
-0.030720597
-0.008259908
0.037311736
-0.07857088
-0.054202076
-0.6670894
-0.0691341
-0.055718757
0.057865158
-0.0064985794
-0.6077584
0.014640853
-0.08533054
0.024234125
-0.048023377
-0.04228377
-0.14966264
0.2837756
0.022242138
0.074271746
0.0455895
0.07357701
-0.30187595
-0.068780646
-0.034207705
-0.025367875
0.01906341
0.05886637
0.13093688
0.80941516
-0.052337807
-0.041340243
0.11154334
0.061780415
-0.088684574
-0.77937573
-0.018568821
-0.0013464123
0.51833457
-0.01013641
0.23080681
-0.013756432
0.24228613
-0.07339523
-0.04511529
0.16789968
-0.091228895
-0.18221912
0.18145818
-0.007352678
0.028006215
-0.14921765
0.00022617658
0.022549849
-0.029747142
-0.14325942
0.15882908
-0.13429895
0.026249222
0.014825275
-0.051760595
-0.10009595
0.00029791892
-0.014888267
0.09860126
-0.47258443
0.01047932
0.063472174
-0.115734816
0.05002589
-0.027955223
0.018374916
0.015369279
-0.28189635
0.08782709
0.072070666
0.16100715
-0.036186527
0.09268804
-0.12118485
0.056019224
0.008477985
0.29600027
0.31343505
-0.00042107538
0.031992663
-0.019913066
-0.06353968
0.024230225
0.20607582
0.14824128
-0.14221759
-0.0008721091
0.025213676
0.18146624
-0.32608104
0.0041736295
-0.0012253064
0.052837837
0.035060108
-0.52673227
-0.10310916
0.007855693
0.00035837386
0.15097684
0.25394517
-0.018215682
0.080827124
0.041729823
-0.13192251
-0.022563228
0.051031705
0.024241364
0.02296241
-0.037015498
0.0052108793
0.18095958
0.024804194
0.015897328
0.0089442
0.0025159277
-0.14820722
0.2493491
-0.06124351
0.13769141
-0.10317425
-0.013382554
0.085568205
-0.05187133
-0.18856655
0.019608133
0.06848644
-0.035403732
-0.001667687
-0.03494856
0.054311037
0.024250709
-0.10091405
0.00084498303
-0.0063773612
-0.0073482236
0.015085368
0.029917307
0.0065042097
-0.007424578
0.02448741
0.010595963
-0.048331223
-0.49040106
-0.04375581
-0.04164274
-0.12980671
-0.00070578104
-0.006813653
-0.030242868
0.071392156
-0.077307075
-0.031046463
0.0015176608
-0.09567412
0.027034773
0.06634465
0.0032067278
0.0043914486
-0.069034696
0.35930118
-0.06167648
0.036627773
-0.019610735
-0.116469465
0.0037569767
-0.07039314
-0.024513094
0.1339759
0.07138318
-0.04260564
-0.0068705305
0.16633865
-0.33536726
0.13411611
-0.023857241
0.020029124
0.0010788909
0.013603033
0.04025431
0.014171264
-0.036489435
0.57157713
0.06456832
0.11657991
-0.02921775
-0.04155483
-0.04222107
0.024415163
-0.3795813
0.05130728
0.0054073757
0.40909746
-0.017927706
-0.22439845
0.037456304
0.05719109
0.017707191
0.078960516
-0.00095231185
-0.08901414
0.017696373
-0.0014034008
0.063061744
-0.0096346615
0.012477562
-0.0036473486
-0.20762086
-0.088348016
-0.11993822
-0.05507897
0.029952504
-0.21571578
-0.002232533
-0.00683333
-0.16711684
0.26361796
-0.052465968
0.026880203
0.7670492
-0.07975587
-0.010993915
-0.17534542
0.0272307
0.017372834
0.34067747
0.06665591
0.015870035
-0.07436952
0.074020945
0.106619
-0.024996003
-0.009180739
-0.06124106
0.014396565
0.009703039
-0.11175737
0.37690458
-0.014159247
0.03138411
-0.06954593
0.03988869
1.9317707
-0.2341196
-0.0820371
-0.1620391
-0.004506886
0.0349053
-0.1580895
-0.049979363
-0.047321662
0.07111584
0.31042913
-0.044274233
-0.015450476
-0.023074456
0.054323643
-0.021696929
-0.13801141
-0.08257315
-0.0006632716
0.016260125
0.13366279
-0.15112074
0.07111503
-0.025847698
0.018005934
-0.04813504
-0.03780419
-0.053882543
0.13874608
0.073230915
-0.024122525
-0.01629194
-0.05917554
-0.06792142
-0.71407557
0.019062167
0.040908057
0.041218035
-0.17270254
-0.35509533
0.025062649
-0.07190563
-0.5351928
0.0723196
-0.0065377834
0.02583732
-0.1291277
0.09145718
0.09501811
0.022406429
-0.059972286
-0.02581887
0.06258016
-0.6965116
0.13417608
-0.062488403
0.020299854
0.0067394376
-0.13373117
-0.026191834
-0.05925981
0.025261523
-0.01183305
-0.022766283
-0.59214
0.09313307
-0.14379378
-0.056489687
0.02589718
-0.14763501
0.021215856
0.09686559
-0.09703101
-0.040514935
-0.02093707
-0.006505179
0.43065166
-0.37059307
-0.0052198293
-0.0028700836
0.009040955
-0.4073742
-0.19828719
-0.033446066
-0.0055925027
-0.10199924
-0.010781945
-0.0047153784
0.052466482
-0.11299228
0.5072474
0.08493398
-0.0077751814
-0.025842037
-0.018738845
-0.18441342
0.13130037
0.03014955
0.05712248
0.04633018
-0.21762422
-0.0068438007
0.078928486
-0.10304858
0.0003383038
-0.01505382
0.014241923
0.13666257
0.0626841
0.033464637
-0.021908564
-0.06258416
-0.039233685
-0.029537609
-0.26919982
0.070242964
-0.16966388
-0.07222365
-0.059487097
-0.018811021
0.08408856
-0.0040389565
-0.03845564
0.037324924
0.009676311
0.76730585
-0.057679515
-0.024019795
-0.06052588
-0.0458486
-0.0688279
0.10940985
-0.05331695
0.07943534
0.021389069
-0.06154339
-0.37027442
0.060698085
0.11632968
-0.017053682
-0.09782467
-0.03980584
-0.14597665
0.024178902
0.14989528
0.00063602783
0.031049136
0.06318015
0.14490996
0.03058022
0.09419362
-0.00832388
-0.05533236
0.016875327
-0.051857833
-0.15792541
-0.16104567
-0.035651915
-0.19720328
0.0154872285
-0.044155847
-0.18618333
-0.016930828
0.020962229
-0.026053188
0.0030848521
-0.0077111665
0.09705422
-0.051575735
-0.67553985
-0.31620535
-0.100789785
-0.051398266
-0.13263799
-0.026962725
-0.0073454655
0.042577244
-0.020205842
0.019749273
0.019181794
-0.16406009
-0.4672431
-0.029682193
-0.024745135
-0.08194246
-0.050170995
-0.05424418
0.18942285
0.045528136
-0.09578308
-0.022843065
-0.01980229
-0.1314598
0.021760605
0.025401872
0.04083927
-0.13127738
-0.55273145
-0.11811156
0.036632717
0.00028141733
-0.08441349
0.04715473
0.0033349968
-0.06249456
0.018451206
-0.12933336
-0.056330428
0.17357393
-0.045205377
0.05555418
0.023056265
-0.60348034
-0.051604524
-0.046933398
0.2112317
0.049493488
0.13298835
0.01357796
0.057901736
-0.0139318835
-0.00507699
0.03645766
0.1101027
0.027647065
-0.08906813
-0.008136728
-0.024920357
-0.021786444
-0.0071116053
0.022987476
-0.15146731
0.07481022
-0.0081588235
-0.012085613
0.0018190779
-0.028188057
-0.0051085716
-0.019477291
0.03917306
-0.061271954
0.08232555
0.0414671
-0.16710438
0.03533901
-0.010223328
-0.02169237
0.0026151855
0.07458864
0.035122048
-0.017689459
0.07450538
0.014059278
0.24418214
-0.0025480345
0.0072552613
0.07173689
-0.0027015395
-0.0320756
-0.18919997
-0.0012199575
-0.0141613325
-0.099615954
-0.10565755
0.3557161
0.0908794
-0.15825352
-0.07737494
0.039287247
-0.015825888
0.33377686
-0.0022438061
-0.052299693
0.019835172
-0.05554054
0.049516425
-0.033163827
0.013674369
0.06989402
-0.16629374
-0.005669194
0.066128716
-0.1354516
0.061578967
-0.022408843
-0.010973057
0.3563657
-0.06124954
0.014326609
-0.06526436
-0.15075456
0.09911916
0.017477617
-0.22644792
-0.024929496
0.06587254
-0.010485285
0.008606103
0.53211975
0.072598085
-0.03852295
-0.16460885
-0.079463914
0.031059839
0.115985826
-0.0012294065
-0.008038388
-0.034282643
-0.0917128
0.045910344
0.016414108
0.0025211766
-0.82329303
0.07814302
-0.045944102
-0.015144361
0.044214442
-0.005263701
0.014649114
-0.11375208
0.010132799
-0.08723514
-0.03798934
-0.06021824
-0.045172792
0.0061235493
-0.04125401
-0.006733368
-0.03484348
-0.012594153
-0.111114085
-0.020460196
-0.044133373
0.005497083
-0.14271536
-0.03459704
-0.034578007
-0.028275808
0.02620495
0.02092689
-0.039900493
0.014637699
-0.0061139967
-0.54442877
0.00038747574
-0.022522857
0.031399757
0.12620306
-0.03989752
-0.42157534
0.048450842
-0.0051054596
-0.1568312
-0.23859116
-0.05336276
0.011933785
-0.020833462
-0.020584099
-0.04448507
0.017360527
-0.14843023
-0.007085036
-0.0147423325
-0.33495045
-0.066264175
-0.04035765
-0.03243473
-0.033269085
-0.3998441
-0.07721095
0.047957707
0.26150694
0.045100395
0.0023086295
-0.035721507
0.0042112814
-0.085990295
-0.012064081
0.020403503
-0.009886446
-0.032470968
0.006502755
0.08854854
-0.01281992
-0.56103325
-0.035370532
-0.0371437
-0.27550122
-0.3042085
-0.029042233
-0.037667852
-0.18027194
-0.01739525
0.050578333
-0.008807624
0.0037002761
-0.18388215
-0.19505574
0.23233996
-0.19462885
-0.016608622
0.097894825
0.02436573
0.178313
-0.02679795
0.28442255
-0.06233162
-0.16275476
-0.015529569
-0.012233974
0.01468712
-0.016393356
-0.019348916
0.2192811
-0.32889423
-0.011708628
-0.023054877
0.0052638724
-0.021542268
-0.033262137
0.0040916144
-0.008800009
-0.011819994
0.2599945
0.004237736
-0.030197993
0.07012521
-0.28607047
-0.3928763
-0.024187725
0.024410829
-0.23983276
0.052301537
-0.053621277
-0.10391878
0.014955533
-0.06941708
0.0033153454
0.031035934
-0.13535765
-0.117755175
0.026585842
-0.036515538
-0.043974087
-0.10236207
0.0038932124
0.015065555
0.01766302
-0.1948793
-0.08363637
-0.06666627
0.01276946
-0.070244156
-0.039341297
-0.17287463
0.18832181
-0.07603149
-0.0889494
0.013854368
-0.3537918
-0.05949174
0.029866405
-0.030279808
-0.1300286
-0.021285577
0.33800113
0.19009368
0.012419504
-0.14594221
-0.13030972
-0.07910347
-0.3175705
-0.0019233609
-0.046055686
-0.11082093
-0.045012698
-0.004733033
-0.65454787
-0.02292046
-0.0033236025
0.0034368343
0.004357313
0.66841817
-0.48781317
-0.03300659
-0.02139435
-0.040718492
-0.35531715
0.033744767
0.2798032
-0.08746177
0.094488546
-0.0028511856
0.0020872748
-0.053303137
-0.069422625
-0.019509992
-0.030956509
-0.003769193
-0.020317283
-0.0675074
-0.041021433
-0.04214111
-0.11598855
-0.11362566
0.25275046
0.006822133
0.04444452
-0.05681449
0.0099930465
0.015485398
0.01636817
-0.060021494
-0.15565638
0.026024105
0.09147784
-0.18532859
-0.052134298
-0.03231196
0.0044177594
-0.11567646
-0.10774708
0.03206716
-0.0743312
0.044473507
-0.4583431
-0.062947154
-0.009145282
-0.02629262
-0.032564733
0.002442149
-0.03998562
0.09822754
-0.24613719
-0.2875418
-0.0019694369
0.1330551
-0.022933234
0.42888188
-0.10210732
-0.3828917
3.32747
-0.18212281
-0.5965515
-0.04128811
-0.0038157813
0.032501087
-0.070745535
-0.0051360033
0.03239138
0.09044257
-0.16522716
-0.044359826
-0.3327285
-0.021949293
0.314271
-0.032979224
-0.01873465
-0.029870164
-0.7234736
-0.08626256
0.0026132562
0.034248397
-0.16326025
-0.009279272
-0.03360044
0.008888387
-0.04376629
-0.07151018
0.1439262
0.01426542
-0.20101076
0.34852022
-0.0647252
-0.038787547
-0.0061039734
0.007823578
-0.023731131
0.033384856
-0.011138291
-0.00061050337
-0.047070496
-0.027368933
-0.02381326
-0.16506901
0.13115285
-0.6856513
0.020808894
-0.2597428
-0.030761028
0.020318193
0.17965965
0.022263842
0.017181672
-0.30324027
0.018488493
-0.3749608
0.010062535
0.47740927
0.013516054
0.20092146
-0.026694639
-0.045920774
-0.12003914
-0.21851356
0.017669842
0.088213295
-0.005984583
0.0035725653
-0.3139418
-0.0095622
0.013981216
-0.13433394
0.022135576
-0.08121941
0.00039007817
0.056176424
-0.017849125
-0.03812584
0.00024970426
1.0431288
-0.13866039
0.039912824
-0.1184083
0.064373076
-0.00015632428
-0.0919406
-0.054779768
0.28161898
-0.03470654
-0.029058509
0.023107845
-0.02674318
-0.13830253
-0.055964
-0.19195043
-0.03161134
0.0030727924
-0.101765946
0.0027798687
0.06554374
-0.027531406
-0.0149396155
-0.05681819
-0.030082706
-0.04933314
-0.16283876
-0.113216616
-0.03788801
-0.30697808
-0.08780632
-0.10638395
0.00398128
-0.08591863
-0.04511368
-0.03500051
-0.44061968
0.010005255
-0.3165576
-0.06529243
-0.023994075
0.029253175
-0.33438408
-0.0390832
-0.006869193
-0.12923743
-0.03708616
-0.07639161
-0.11252762
-0.33247542
0.006824545
0.02258253
-0.03365494
-0.11540743
0.019847779
-0.0056914617
-0.0030476053
0.054271583
-0.01443026
0.056165125
-0.05625442
-0.16395694
0.013085546
-0.008332305
-0.014722867
0.010347046
-0.123943664
0.046349227
0.03852934
-0.060967516
0.019423375
-0.03169676
-0.0050544012
-0.03811558
-0.4187087
-0.016008217
-0.067319825
0.037261248
-0.26252842
0.02744456
0.20914975
0.052998696
-0.07696902
0.07811267
0.0128711155
0.031697273
0.022463234
-0.024755066
-0.024778653
0.035370175
0.062675424
-0.07137579
-0.06704891
-0.047646847
-0.024916707
-0.00630101
-0.1566212
-0.012604878
-0.24640639
-0.048968993
-0.029246751
-0.05355233
-0.014876926
0.009085292
-0.061686415
-0.015895179
0.033295754
-0.0096261185
0.018565176
0.042881567
0.14135218
0.0016272076
-0.0070259566
-0.04298784
-0.0577469
0.076873995
-0.0643771
-0.108594835
0.072171405
0.33126757
-0.044220902
-0.006416149
-0.4005409
0.0035023745
-0.023566986
0.018023964
-0.04606888
1.4195968
-0.033563215
0.1719082
-0.0326834
1.3610214
0.4019642
0.2728331
0.0082712015
0.2504847
-0.00056027237
-0.17983557
-0.06872116
-0.034204863
-0.081211194
0.007108691
-0.108864635
-0.023447769
-0.08272222
-0.09038841
-0.04782347
-0.12554272
-0.01063504
0.0032053585
-0.024111867
-0.01956506
-0.10070103
-0.085281074
-0.1189053
-0.13536543
-0.17023227
-0.036971375
-0.023484739
-0.043660466
-0.003634012
0.03454627
-0.5623332
-0.1327249
0.06811975
0.047677375
-0.14022854
-0.5471332
-0.016354045
-0.07443026
0.0154180415
-0.04690849
-0.038905762
0.009143046
0.041029263
-0.10373537
-0.036953077
-0.18562794
0.0012791441
-0.4198728
-0.080464326
-0.06882291
0.017804937
0.008438457
-0.05797699
0.0352913
0.5140092
-0.117515996
-0.01316467
0.35206833
-0.08014054
-0.24699062
-0.47588474
-0.07018121
0.016288754
0.20315565
-0.003922708
0.039966907
-0.2382161
0.21969897
-0.03710054
-0.005721562
-0.06609134
-0.26506627
-0.20716089
-0.15552092
-0.028045317
-0.05343591
-0.11047626
0.13406746
0.019284513
-0.028648235
0.13377818
-0.031951062
-0.067093186
0.040506482
-0.010257624
-0.16286956
-0.034030803
0.0011509471
-0.023465775
0.009117464
-0.50387937
-0.00428347
-0.04706549
0.14669776
0.08368089
0.010239287
0.015218461
0.013170818
-0.19844797
-0.016091838
0.0065919957
0.16967733
-0.0009504763
0.026600415
-0.048160624
-0.002108509
0.0298197
0.33859536
0.98013234
0.00043515785
-0.0639349
0.01740883
-0.12196004
-0.0744679
0.22810814
0.19555356
-0.04666569
0.0022699237
0.030108819
0.036509704
-0.2892191
-0.031393733
-0.051182024
-0.05624137
-0.04709709
-0.3026652
-0.07725309
-0.017037926
0.01266815
-0.033319723
0.18846917
-0.0055871755
-0.024688978
0.023606706
-0.09302435
-0.045327045
-0.04429299
-0.0060451697
-0.0410469
-0.0034329752
0.0047121993
0.11345922
0.009535631
0.023088412
0.026355596
-0.02270136
-0.27130485
0.13458695
0.0029368405
0.08809042
-0.11893578
0.02705897
-0.10038033
-0.00263883
-0.20859586
-0.01993403
0.038664337
0.0013211155
-0.15710452
-0.06290725
-0.07654724
-0.01834816
-0.008323805
-0.016963676
-0.013238541
-0.017876873
-0.030503802
0.025165856
-0.04769067
-0.060602173
0.013706058
0.44561026
-0.045694407
-0.63263154
-0.0601563
0.017872507
-0.031379975
0.013013101
-0.050527774
0.036367323
-0.02420592
-0.039805125
-0.15939334
0.002085695
-0.0013753835
0.028317489
0.04078049
-0.05641953
0.014013543
0.79144025
0.16485094
0.04982612
0.16091195
-0.09471156
-0.08287351
0.041951716
-0.04230891
-0.0021676833
-0.03983646
-0.024586122
-0.0012922087
-0.07735082
0.029434085
-0.4636511
-0.006155408
0.004637201
-0.07012216
-0.03328828
-0.114292204
-0.031026395
-0.015128576
-0.014331212
0.35255137
0.07580567
0.10506673
-0.03340552
0.028984064
-0.054187853
0.025775762
-0.49414635
0.07882526
-0.032978874
0.21710865
-0.0060194386
-0.22708878
-0.069154
-0.008355417
0.034006633
0.020753676
-0.10689098
-0.1028171
-0.018863194
0.008815663
-0.025382524
-0.012973145
-0.0015335617
0.056274667
-0.2849006
-0.07521127
-0.08704693
-0.061630033
-0.091766536
-0.018837549
0.02878258
-0.080649674
-0.09299691
0.23292005
-0.029315136
-0.06820133
0.17100848
-0.01355332
-0.084948145
-0.3548281
-0.046618868
-0.015579096
0.4287053
-0.047718767
-0.095303066
-0.08073481
0.7196821
0.025990983
-0.018274296
-0.016055807
0.033595204
-0.05915878
-0.024128921
-0.06429557
0.15423828
-0.3523947
0.03424245
-0.015956687
-0.0284764
0.9128026
-0.093270764
0.0554456
-0.40193456
-0.06815429
-0.036593694
-0.040092472
-0.06440613
-0.017675772
0.02795396
0.11268954
-0.02871157
0.016962819
-0.03184973
-0.018517401
0.018471338
-0.29463825
-0.1510878
-0.20051487
-0.029345704
-0.09090673
0.7939942
-0.0053827744
-0.00030209063
0.010043878
-0.09774146
-0.17898855
0.07618691
0.042093135
-0.06077501
-0.024968116
0.022738189
-0.05283357
0.137494
-0.38584548
-0.0057361564
-0.027735494
-0.063304536
-0.35298946
-0.5805395
0.41546613
0.08621853
-0.4793872
0.04698287
0.0005727369
-0.015027352
-0.17147331
-0.038560104
-0.05597748
-0.0031619815
0.24160017
-0.010945069
0.016181972
-0.5530384
0.08037141
-0.022808036
0.008277554
-0.02202513
-0.25806084
-0.0033226374
-0.17453745
-0.003635384
-0.004965861
-0.090811595
-0.61654097
-0.020271119
0.03663631
-0.085169174
-0.014675451
-0.19600435
0.008064154
-0.007651687
-0.13262825
-0.18061362
-0.040225916
-0.07506444
0.37561876
-0.41918477
-0.015869513
0.020646475
-0.054529674
-0.31196135
-0.06287343
0.0032047485
-0.027303813
-0.14465272
-0.0030948669
-0.04371255
-0.09630874
-0.16909401
0.33405703
0.09758081
-0.033886336
-0.02955041
-0.038350083
-0.08694521
0.09037211
0.09540461
-0.026176892
-0.031403027
-0.043136757
0.011507304
-0.054127596
0.031085007
-0.06003096
-0.047147065
-0.072983935
-0.0037530228
-0.013251216
-0.07048546
-0.0060676415
0.012400296
-0.052967276
-0.049827926
-0.4309762
0.057424918
-0.031953026
0.012597596
-0.05710044
-0.010303731
-0.08874023
0.040203415
-0.0094309645
-0.052812558
-0.09565214
0.45143664
-0.06580011
0.0300123
0.027138023
-0.0502462
-0.50646806
0.5540068
0.028765492
-0.027974624
-0.015274357
-0.03432935
-0.20990066
0.28129333
0.041055586
-0.0845074
0.13299115
-0.00677146
0.0496334
-0.067623034
0.014282229
-0.091620825
0.024888223
-0.07915279
-0.022480512
0.014737748
-0.04987277
0.012174814
-0.062781155
-0.04188144
0.47791767
-0.29198256
-0.12990445
0.003925271
-0.34148705
-0.05533584
-0.10287677
-0.008710373
-0.017920291
-0.014348912
2.5116336
-0.03244266
-0.055482812
-0.038843915
0.03779236
-0.5082646
-0.27826834
-0.028040208
-0.038743846
-0.31268847
-0.026840277
0.045158505
-0.03361856
-0.2922834
-0.0479435
0.16511624
-0.15533914
-0.28018823
-0.02873312
-0.0057457397
-0.033939116
-0.04373215
0.003050973
0.13957667
-0.016900238
-0.16642523
-0.0055328705
-0.05059162
0.021624494
-0.05194865
-0.028325923
-0.006239423
1.4060276
-0.5401856
-0.09360279
-0.004764763
-0.0009393992
-0.09158221
0.048746992
0.004761772
-0.0042927465
-0.009202447
0.030584276
-0.124509715
0.009598834
-0.015553842
0.40353072
-0.27719143
-0.5958982
-0.052289847
-0.034877654
0.09661571
0.70659035
0.1255605
-0.0927657
-0.01683698
-0.07026381
0.0036019268
0.03676353
0.033861823
-0.02046361
-0.113737956
6.661599e-05
-0.006507006
-0.019979544
-0.0060331114
0.020140972
-0.06417971
0.097009696
0.007904083
-0.043643214
-0.09757446
-0.014916271
-0.032845683
0.0024167025
-0.12880884
-0.2959895
0.012986786
-0.02076032
-0.1465595
-0.07073677
-0.009098577
-0.040606454
-0.04412999
-0.0309652
-0.0013308981
-0.008666016
-0.008251667
-0.05589828
0.1582704
0.013064772
-0.06358994
-0.032225937
-0.008263645
-0.042705443
-0.20422032
0.022927191
-0.027070502
-0.069938496
-0.074041076
0.15472
-0.0008117911
-0.059724756
1.1760288
0.071517594
-0.09428122
0.14572503
0.018516215
-0.05327013
0.016369933
0.007423
-0.0649363
0.2854097
-0.0069647925
0.027766364
-0.024498258
-0.057465315
0.08729472
0.14915144
0.054878872
-0.00784383
-0.102129005
0.08053922
0.060018826
-0.0651638
-0.061351407
-0.17241679
0.027824583
0.11014305
0.03168336
-0.024372084
0.01724818
-0.0016260998
-0.0140803475
0.4077586
0.008124807
-0.018139025
-0.36125946
-0.034460608
0.008498113
-0.053578574
0.18180053
-0.016393615
-0.007794056
0.0010279167
-0.015455044
-0.032888193
0.008124751
-0.4592435
-0.026213232
-0.16353583
-0.0037595965
0.04379953
-6.024852e-05
0.011432256
0.054436184
-0.028654186
-0.14877951
0.13333684
0.0056957547
0.02321829
0.012265736
-1.9842553e-05
0.09015663
0.015890999
0.010023347
-0.07824468
0.019395161
-0.02432199
-0.049041294
-0.14200225
-0.009199172
0.07614907
0.034520518
0.1635863
0.047780767
0.009092475
0.039658237
-0.008199205
-0.7020469
0.03601572
0.08086934
0.2359881
0.2801467
0.022425737
-0.3246149
0.04197029
0.06792575
0.00018995095
-0.026086532
0.024612846
0.03492194
-0.019746725
-0.041762162
0.072362065
0.08876428
-0.069717035
0.022050537
-0.015743932
-0.17373529
0.08002592
0.005139375
0.035678893
-0.034356795
-0.30015284
0.02600344
0.1948321
0.55363154
-0.01975755
0.015696546
-0.018283095
0.028220419
0.043244615
0.016034823
-0.01754436
-0.0709193
-0.04248464
0.053183462
0.022791697
0.0068662316
-0.92394125
0.038715363
0.061183877
-0.11302195
-0.12133761
0.011256724
-0.022775555
-0.07806835
-0.03114431
0.10811281
0.06584723
-0.024464713
-0.14416474
-0.18185583
-0.0014928782
-0.06201319
0.0016284727
0.24202245
0.096505314
-0.024398414
0.005157329
0.41410688
-0.013636906
-0.16886689
0.003145768
0.005895522
-0.0049193846
0.027499137
0.081391156
0.5243664
-0.07413738
-0.032332934
-0.045627788
-0.06515199
0.052958686
-0.021033473
0.0113579435
0.002784249
-0.0355521
0.50782543
0.0024142817
-0.045218673
-0.18152554
-0.23991877
-0.22403532
0.011666914
0.07638608
0.0806377
0.2624256
0.0060562836
-0.12964839
0.06494371
-0.008459774
0.017909473
0.024448315
-0.05173254
-0.08753056
0.018362902
0.0025977509
0.08405382
0.06996137
0.08736727
0.008993793
-0.0065066586
-0.11940073
-0.12005028
-0.14492014
-0.01827227
-0.053200558
0.007120052
-0.15809225
-0.23753794
0.08949772
-0.028448716
0.010040725
-0.3878497
-0.040698882
0.24975732
4.8193866e-05
0.062260058
-0.06482515
0.029287614
0.027646057
0.07801428
-0.018386055
0.064908616
-0.054253016
-0.15947254
0.10911319
-0.03850482
0.042970784
0.027098592
-0.045108464
-0.031465985
0.021453103
0.018946432
-0.07825451
-0.09341937
0.829918
-0.45140785
-0.13065673
0.021986453
-0.054115698
-0.11578089
-0.17823508
0.37950832
-0.045979556
-0.008029793
0.048791368
0.07060611
0.07511983
0.028006729
0.0689092
0.01016783
0.034646902
-0.025188569
-0.010236044
-0.06018898
-0.024619227
0.10376072
-0.030868053
-0.029439708
0.02302763
0.047435075
0.039282992
-0.053082462
-0.08732703
0.034439392
0.022128984
-0.008959512
0.03234626
-0.025118101
0.13039038
-0.066990286
-0.033139125
0.017962601
-0.028198646
-0.035335936
0.0041115824
0.062326647
0.056629002
-0.24497415
-0.09717071
-0.021051746
0.003064052
0.05245119
-0.029751306
0.02527043
-0.06840213
-0.04106577
-0.22003977
-0.004378905
-0.00036068071
-0.015512346
0.54953253
-0.0045875604
-0.451065
-0.026651029
0.04500895
-0.21139677
-0.02476782
0.068166
0.039618395
-0.11188943
-0.048932772
0.07006223
-0.0045875316
-0.06280895
-0.026129093
-0.039430875
-0.019579452
-0.007873717
-0.030963458
-0.0130034555
-0.112965286
-0.7359304
-0.041898884
-0.14322099
0.13082844
-0.12790693
0.069534175
0.021486962
0.014786545
0.13529415
-0.085778624
0.22575893
0.013077113
-0.03568352
-0.048812818
0.11734978
0.012326667
-0.03395353
0.063421026
0.06176505
0.01817838
0.008138654
0.13974053
-0.04269518
0.07758164
0.055741254
-0.076343074
0.056593157
-1.0287217
0.021400403
-0.06267071
-0.07424073
0.044608027
0.28659207
-0.0055163535
0.011448275
-0.20795713
-0.020484425
-0.41606897
0.010658432
0.6675871
-0.03444713
0.16690485
-0.017948369
0.11877421
-0.1196929
-0.05239861
0.056244105
0.02139629
0.06431561
0.024610527
-0.30882928
0.001721483
0.06146663
-0.08439562
-0.15967388
0.01819337
-0.20945452
0.056194562
-0.028801754
0.09263895
0.0007579948
0.135077
-0.002758433
0.098664925
0.032688323
0.004805372
0.12169482
0.02558613
0.023339285
0.054206926
-0.027026914
0.049771544
-0.0071818996
-0.019110577
0.014669528
-0.09658881
-0.18910839
-0.045034558
-0.042577002
0.0072621694
0.024645701
0.21336032
0.07334335
-0.0053638066
-0.004208893
0.038694106
-0.10273638
-0.1313575
0.0019319162
0.025787363
-0.0067107338
0.05328498
-0.06364606
0.047172174
0.010624815
-0.03922235
0.14090244
-0.345788
-0.019690968
0.1846393
-0.12085333
0.061014764
0.06137628
-0.19517446
0.12549
0.09288356
-0.021505913
0.13971399
0.037569433
-0.07810145
-0.10340628
-0.03923202
0.05226089
0.0046923035
-0.05154247
0.10276469
-0.025704244
0.014227225
0.04838677
0.046672083
0.08731304
0.0058955895
-0.07990418
-0.042969868
-0.016363
-0.03580173
0.017904546
-0.023204867
0.030956943
-0.10368103
-0.17027313
0.005620948
0.011589759
0.022020949
0.044769228
-0.1340677
0.040209576
0.029669832
0.041181095
0.011640758
-0.003787839
0.31557786
0.12937012
-0.027145661
0.018253904
-0.07329132
0.062491015
0.01371559
-0.017243043
0.026646651
0.06614822
-0.0782945
-0.012071767
0.040303975
0.0874758
-0.025712853
0.12139185
-0.14102854
0.0052688895
-0.122504555
-0.03135582
-0.1112122
-0.038327496
0.030034052
0.020515826
0.027833395
-0.004924245
0.0183049
-0.010372193
-0.10309397
-0.28861597
0.20023435
0.03476621
0.03935458
-0.03169235
0.14044884
0.0025609455
-0.06534867
-0.119664274
0.15759243
0.079253234
-0.017538654
0.020707976
-0.3020439
-0.024849616
-0.03598133
0.0068483627
-0.023907823
0.037152503
-0.051514328
0.09536166
-0.04778236
-0.0014021014
0.33048967
0.5044472
-0.01086535
0.36935136
0.020003365
-0.06300567
-0.033309087
-0.1531462
-0.15276638
0.08972104
0.065777294
-0.04140746
-0.058129344
-0.08384966
0.03270806
0.03960163
0.05988414
-0.031557124
-0.021210425
-0.0071035875
0.08304094
-0.005146293
-0.16581173
-0.15822431
-0.044301674
-0.019764472
0.013390325
0.06176376
-0.038378414
0.020060044
-0.83969355
0.10897864
0.028279843
0.084033996
0.026734881
-0.7667864
-0.013691927
-0.0012260386
0.017809128
-0.002242635
-0.036413334
-0.1288061
0.17645043
0.05911937
0.12946472
0.04197676
0.034536887
-0.28207964
0.005852457
-0.064533785
-0.061646562
0.0023977214
-0.0314956
0.11102844
0.87723476
-0.018472638
-0.053671073
-0.048076686
-0.031898342
-0.084784724
-0.84713566
-0.03180978
-0.029684596
0.32894143
-0.09872279
0.14433792
-0.075411245
0.31226295
-0.10857509
0.033667456
-0.007184791
0.023293415
-0.035367023
0.10997437
-0.027686901
-0.016004408
-0.043849595
-0.048753783
-0.023710258
-0.050833147
-0.018991647
-0.048645202
-0.068255424
0.0018410227
0.038842037
-0.1403151
0.109098226
-0.020288736
-0.0014102951
-0.0948849
-0.49232447
0.018254291
0.053681023
0.55885017
-0.00054378505
0.013779691
0.011125101
0.005212249
-0.18009092
0.10897384
-0.052716013
0.31841576
0.027658919
0.023562089
-0.1019966
-0.039431024
0.013968408
0.3934256
0.07823263
0.0010426439
-0.086485595
0.0040313825
-0.06517031
-0.23365426
0.34636277
0.167988
-0.1453965
-0.02688377
0.055344183
0.18906552
-0.20975977
0.105925664
0.022841716
0.016411565
-0.062250774
-0.18767083
0.009371402
-0.0048554167
0.029441755
0.086011
0.23092525
-0.035362024
0.04077239
-0.15464924
-0.12433702
0.013826083
0.12878713
0.091082886
-0.0087523
-0.08662291
0.00360996
0.20475455
-0.06659429
-0.023577802
0.05419039
-0.004856935
-0.051444408
0.32865724
0.016874136
0.1997885
0.005611296
-0.016446501
0.03619189
-0.0219116
-0.085433826
0.030529657
0.050188072
0.057550047
-0.11469789
-0.004998683
0.063041024
-0.00742795
-0.05757935
-0.006223303
-0.020616492
-0.007080608
0.05102023
0.014761959
-0.004618406
0.063582584
-0.017372519
-0.036720727
-0.017167678
-0.43289575
-0.1428977
0.048943274
-0.0030977537
-0.067870855
0.039705243
0.060694415
0.027567271
0.010444999
-0.20244084
0.06458305
-0.009695989
-0.03247799
0.13406046
-0.045680966
0.011699154
0.12607582
0.42970753
0.020886568
-0.078083016
-0.020297473
-0.0496113
-0.0044689975
0.02494339
-0.035161965
0.07288364
0.0023164658
-0.026725553
-0.1250651
0.19633704
-0.38340092
-0.040847488
-2.6639782e-05
-0.008127953
0.004737783
-0.028982019
0.021326587
0.004436056
-0.0005719891
0.5329325
0.18218061
0.14056641
-0.031366512
0.035989992
-0.06222954
0.0669563
-0.53161144
-0.006829123
0.018210405
0.5221617
-0.0069175586
-0.13624519
-0.10756838
0.03295741
0.025460167
-0.04339062
0.0021787991
-0.06595172
0.030565772
0.019001145
0.014026341
0.08329722
0.037402637
0.04674596
-0.29684207
-0.08835843
-0.09539356
0.09024026
0.0029635327
-0.11072331
-0.021994006
-0.028202523
-0.11011634
0.24746811
0.048192713
0.025297454
0.71416664
0.043689948
0.0215139
-0.14439677
0.061136533
0.03103038
0.31992036
-0.068745606
-0.085468434
-0.083375715
1.0205818
0.08100296
0.0033949686
-0.011873039
-0.04203991
0.026257455
0.014531991
-0.059489634
0.4620448
-0.04137153
0.009609703
0.028137792
0.0428386
0.0012057695
-0.22631167
-0.038163815
-0.05843074
0.084306434
0.11257695
-0.07299289
0.06505021
-0.058023006
0.06824564
0.17082296
-0.003749496
0.0030744367
-0.026015343
-0.0065516736
-0.04064919
-0.09220419
-0.08282512
0.03457367
0.056031402
0.0027501308
-0.1057603
0.07216737
0.023362026
-0.028767295
0.04736273
-0.101231575
0.088293664
0.11260421
0.057748407
0.030030852
0.062300358
0.004549515
0.0837791
-0.73185265
0.014084432
-0.14476053
-0.032907505
-0.13925737
-0.4830884
0.06555375
0.101418465
-0.52709866
0.050916214
-0.0045190896
0.0068495856
-0.083735086
0.06367363
-0.031494293
-0.016277464
-0.08651008
-0.01930378
0.06289995
-0.810583
0.26243383
0.0017988613
0.038468957
-0.02662953
-0.21716678
-0.0064007775
-0.09281011
0.037262596
0.008331117
-0.054837044
-0.6965104
-0.060678422
-0.18017673
-0.029882831
-0.06659638
-0.12794496
0.023759149
0.06855807
-0.25126213
-0.10198745
-0.005437251
0.018972343
0.5395743
-0.52769995
-0.017391438
0.010014043
-0.015673589
-0.64270693
-0.20314316
0.012296058
0.013848174
0.088865094
-0.02289366
-0.0036190208
0.051631223
-0.066083856
0.45887443
0.18234582
0.007199743
-0.07302435
-0.20321076
-0.36897764
0.18527167
-0.061664976
-0.04147847
0.019085571
-0.21847662
-0.007749531
-0.049621683
0.03076522
0.10680857
-0.023784617
0.07388195
0.064762644
0.039731022
-0.021107057
-0.015805624
-0.030818429
0.084869966
-0.038304243
-0.32350174
0.015948404
0.028672682
0.089300856
-0.09121249
0.0015889009
-0.010904267
0.11802076
-0.017257743
-0.0085689435
-0.014059037
0.7307126
0.002780049
0.004384046
0.0042140703
-0.048307307
-0.11294743
-0.048430726
0.012994508
0.025767278
-0.00042618468
0.06829208
-0.10351929
0.05944191
0.12010503
-0.02646727
0.08459611
-0.11870268
0.06255576
0.03187037
0.030323163
-0.10998457
-0.0054691373
0.055988032
0.047717918
-0.30241656
0.0774511
-0.0107767815
0.007967676
0.014514586
0.33506942
-0.25497502
-0.057753462
-0.08091849
-0.2466732
-0.024111656
-0.14218134
-0.12717661
0.0064057163
0.041759595
-0.12156125
0.013717619
0.0999538
0.09225503
-0.101732634
-0.74073863
-0.17984231
-0.005566312
0.03448732
-0.031661995
0.006875717
-0.023939589
0.06102396
-0.082543075
0.0065919063
-0.007723521
-0.03444911
-0.5646129
-0.049510643
0.008399492
-0.043439046
-0.14812806
0.014583781
0.012413527
-0.0025120643
-0.226305
-0.013235227
0.03589093
0.01891776
0.047211394
0.011295942
-0.002721801
0.010288164
-0.514768
-0.12001737
0.03765477
-0.036474902
0.0030742374
0.091916226
-0.0054012765
-0.11643334
0.025501568
-0.0042404383
-0.14003585
0.15950401
0.024311488
0.025197271
0.054793358
-0.51002234
-0.07206146
-0.05578746
0.25007474
0.08258382
0.12696238
0.029518757
-0.084927335
-0.07564485
0.08061605
0.05907339
0.06282916
-0.040063802
-0.050423022
-0.0044739284
0.055963583
-0.021673957
-0.027009279
-0.095198646
-0.024703654
-0.06271013
-0.048569772
0.06793813
-0.11177172
-0.048224326
-0.04292383
-0.0045213657
0.046615325
-0.19904982
-0.011677859
0.0976017
0.106689066
-0.06278061
0.009270621
-0.021210734
-0.13102539
0.04035976
0.003392902
-0.011201104
0.030949473
0.069704756
0.2205356
-0.053832468
-0.012550951
0.051489506
0.03218097
-0.00082081684
-0.29200104
0.025541663
0.0014901952
-0.065575525
0.021672376
0.44632673
0.04899934
-0.08957992
-0.14080024
0.09918761
0.011427195
0.28922886
-0.021749968
-0.12839521
-0.022764025
-0.054932225
0.060623124
0.42178902
0.04254405
0.027921835
-0.06094611
-0.10534087
0.06976558
-0.044431
-0.015105227
0.022222731
-0.119748265
0.063542314
0.07631995
-0.18390295
0.060974788
-0.22407228
-0.016691038
0.017768297
-0.117221124
0.019994048
0.04579445
0.14759503
-0.0022313849
0.6557551
0.046868622
-0.06268953
-0.27705774
-0.08423264
0.019950284
-0.13281216
0.018351909
-0.021371128
-0.04170388
0.0657803
0.11749695
-0.048334572
0.022103095
-0.74035066
0.07713998
0.013305141
0.022481829
0.05877561
0.010283276
-0.0651974
0.08951681
0.039133385
-0.069677964
0.065030344
0.08793902
0.031907722
-0.061345138
0.009516856
0.055846095
-0.0064567844
-0.036948692
-0.1124887
-0.02148645
-0.015139472
-0.06873942
-0.09302367
0.031966753
0.052381113
0.033469006
-0.09065904
-0.04326428
-0.03438694
-0.024783507
0.059998713
-1.0812085
0.050084036
0.10278192
0.23569751
0.26736236
0.054736108
-0.2873127
0.024531292
-0.029087553
-0.08465473
-0.4099309
-0.004312592
0.10111702
0.012742419
0.00916565
0.025505153
0.05767284
-0.04341499
-0.028978156
0.014233291
-0.044892263
-0.04059171
0.062987365
-0.031409506
0.054120723
-0.24500842
0.057294827
0.062237572
0.5312074
-0.029747806
0.04608519
-0.054649837
0.011404816
-0.12906557
0.022655856
-0.057667434
-0.047310505
-0.05240133
0.01516603
0.10598958
-0.021353588
-1.0700287
-0.0197319
0.12622291
0.10550618
-0.4465345
0.0007784298
0.030124074
-0.03970351
-0.018869806
0.19106573
-0.014351275
0.021733144
-0.40106288
-0.09857962
0.061761577
-0.03712424
0.071303286
0.25896665
-0.028653434
0.014258115
-0.006751672
0.44246218
0.042788137
-0.18559776
-0.012754033
-0.024496334
-0.028307445
0.0731002
0.03961141
0.4687628
-0.139962
-0.04352393
0.028870175
-0.10631832
0.08797195
-0.033092573
-0.03369029
0.020001395
0.04183964
0.39033425
-0.03664707
0.18010888
0.053527478
-0.1717282
-0.30172917
0.0739263
-0.09781449
0.07392372
0.26054114
0.041146696
-0.069068305
0.079128295
-0.05570642
0.010784753
0.08574769
0.105352744
0.011039216
0.104444705
0.009362646
0.20045029
0.11503129
0.06929849
-0.031745583
-0.046121877
0.119418114
-0.10216821
-0.23388949
0.03965075
-0.0055767214
-0.006002891
-0.18292454
0.13016151
0.14681101
0.09625097
-0.025574148
-0.24580391
0.07863127
0.22984445
-0.04247458
-0.025515337
-0.060527142
-0.02090247
-0.006794909
0.026709639
0.013707766
-0.0008791945
-0.0025626423
-0.19990577
0.07268168
0.020357227
0.0034771436
-0.06285905
-0.012072058
-0.30721277
-0.028940659
0.04790614
0.05248883
-0.056279235
0.110032335
-0.5154614
-0.019028923
0.065814346
-0.06182534
-0.09877757
-0.18112993
0.19038229
-0.0024193937
0.025824487
-0.13681714
-0.03062432
-0.06230143
-0.06768132
0.011491549
-0.008504439
-0.062071715
0.046968393
-0.12179569
-0.12988469
0.09188369
0.14839214
-0.02258787
-0.026524961
-0.10041038
0.094284564
-0.19471417
-0.05961579
-0.028673345
0.0059805973
0.08159145
-0.041153274
-0.013902381
0.11913844
0.078992635
-0.033994507
0.016285874
-0.12093091
-0.23474234
-0.07621909
0.031768084
0.077238575
0.02847735
0.015583706
-0.009154202
-0.023111194
0.023442153
0.037380762
0.04563613
0.004170354
0.1764542
-0.16619615
-0.13928108
-0.03580494
0.011052767
0.013505937
0.5928224
-0.054772522
-0.44042134
-0.11801196
0.028333642
-0.2597908
0.009284903
0.06888425
0.09622151
-0.096890025
-0.034042675
0.11104269
-0.005466646
-0.028090212
0.0074025164
-0.04941146
0.04314755
0.072233565
-0.07188231
-0.03690989
-0.05179144
-0.8832785
-0.047385413
-0.085641764
0.1528648
-0.23576786
-0.04450772
-0.015683515
-0.043137677
0.07620477
-0.15546547
0.31262076
-0.0023312876
-0.1148967
0.109073184
0.060691737
0.019105159
-0.029991748
-0.14891556
0.032366484
-0.03033281
0.038956493
-0.07290968
-0.10609956
0.15536468
0.08834764
-0.24555978
0.03837379
-0.99786615
-0.01772761
0.0049312077
0.09328157
0.09811536
0.3581257
0.0028155625
-0.026604097
-0.17472152
-0.010396266
-0.38987616
-0.035319347
0.5585412
-0.051116947
0.105712205
-0.0023083186
0.12701224
-0.0632703
-0.024153871
-0.016754866
-0.041588783
0.11592442
0.03810108
-0.28772023
0.066703156
0.06556106
0.013049094
-0.018354412
0.16116619
-0.14004819
-0.02576243
-0.0635172
0.15609895
-0.033588402
0.08516957
0.014642774
-0.13694702
0.018662367
0.061630275
0.1251275
-0.009008725
0.0022793908
0.08199883
0.05184203
0.03956314
0.013961163
-0.038158894
-0.006272537
-0.012687194
-0.17286281
-0.07114846
-0.026258111
0.011660624
-0.020155244
0.25668553
0.006250615
0.0070155007
0.027430411
0.022218702
-0.09398519
-0.42580837
0.07794843
0.014596223
-0.17375551
0.02490499
-0.13409631
0.06834107
0.025750834
-0.025710585
0.040132176
-0.32439762
0.00530973
0.10546769
-0.047734365
-0.030441618
0.07521057
-0.37981582
0.12154938
0.10913462
0.060643736
0.13206902
-0.09147495
-0.0522395
-0.02164153
0.02628396
0.06301698
-0.03458692
0.026752852
-0.01968205
0.04668027
0.022338431
0.045411047
-0.0044699833
0.14132074
-0.080229096
-0.10516872
-0.09123355
0.03286952
0.13358562
-0.0071079796
-0.04312208
0.050072845
-0.007323758
0.13359459
0.011128904
0.054930847
-0.00085488777
0.059802473
-0.24852403
-0.0023283337
-0.06500448
0.05087729
-0.23947418
-0.006174952
0.13677655
0.20471103
-0.03930878
0.047674417
-0.068307154
0.13240679
-0.02227994
-0.0491866
0.0010717362
0.01706313
-0.05969631
-0.08563637
0.003201038
0.079988375
-0.012259857
0.011026964
-0.05982166
-0.03282718
-0.08682743
0.02611852
-0.012645704
-0.042865206
0.06038481
-0.023518836
0.05552099
0.02248747
