1024
-0.18436468
-0.019483073
0.003237074
-0.036889642
0.017962163
-0.010325199
-0.0047613652
0.0053685196
-0.102181524
0.004065266
-0.0016098121
0.018806806
-0.017869733
-0.022611827
-0.0016206405
0.01839654
-0.027825374
-0.02187673
-0.0011720154
-0.012797646
0.016765095
0.002553231
0.02282015
-0.08139817
0.049078424
-0.013645706
-0.03449052
-0.0002373609
-0.01549111
-0.01656918
0.008920132
-0.020923762
0.020714018
0.0025540853
0.0011276351
-0.0030633758
-0.013429479
0.03841181
-0.032384515
0.0029720836
0.0037449352
-0.013771418
0.012948535
-0.029454784
0.015778394
-0.018082267
-0.002724112
0.010558807
-0.0035302497
-0.0060186973
-0.033379186
-0.0132535705
-0.008805678
-0.004559771
-0.013421777
0.010866361
-0.023287693
-0.038817324
-0.019930966
-0.0021110652
-0.44365665
0.0132749025
-0.015510484
0.026181577
-0.042954575
-0.062152218
-0.013145908
0.01823259
0.0021950388
-0.029678658
-0.0034807366
-0.027063858
0.024101056
-0.109841906
0.011628908
-0.013568936
-0.0060451822
0.42539743
-0.0042656953
-0.022878628
0.018923929
-0.0003566046
-0.0028834941
0.019383306
0.011404073
0.006343014
-0.0039748223
0.016516384
-0.014657944
-0.0021797377
-0.05461044
-0.010507368
-0.036553226
0.024143748
0.17496096
0.008230174
-0.037797593
-0.037268717
0.026491137
-0.05141
-0.0016732095
0.014117249
0.013698111
-0.02859003
-0.010787204
-0.012878711
-0.012209709
-0.021994311
-0.0029285573
-0.012625083
0.010262476
-0.00454437
-0.04213921
0.009854161
-0.0038556333
-0.017019842
-0.030597046
-0.024383264
-0.014852048
-0.02912531
-0.15096085
-0.005226076
-0.0033412029
0.0092281075
0.041822057
-0.035844617
0.06457098
0.0014841259
-0.0011286016
0.006100675
-0.008018014
-0.041394338
-0.0045485008
0.0067092385
-0.03204298
-0.007501376
-0.029297817
0.010068969
-0.07802565
-0.008888829
-0.012389031
-0.21044162
0.042147648
-0.21768874
-0.0016728292
-0.0069515146
-0.023643505
0.0045989417
0.014316159
0.0047524283
-0.035409767
0.012701306
0.011770233
-0.0111631015
-0.051640987
-0.010790405
0.009627223
-0.064909495
-0.03345092
-0.006606503
-0.019150455
0.013258354
0.0039643575
-0.03743005
0.006153575
-0.012375587
0.009807916
-0.01644741
-0.013253839
-0.038082916
0.006131656
-0.029702846
-0.02635491
0.037825663
-0.0139725935
0.06388362
-0.017989283
-0.01832459
-0.012578498
-0.012482493
-0.03011976
0.018642835
-0.041246098
-0.032065302
-0.021468285
-0.016600167
-0.018217282
0.089524195
-0.012693922
0.018094575
-0.0021156978
-0.04635347
-0.037841093
-0.023979671
-0.101029575
-0.031241762
0.0018184353
0.21538813
0.04839156
0.0057016695
0.025879504
-0.035396006
0.008191089
-0.0007821733
-0.0070484225
0.0071916296
0.0021025673
-0.0030481915
0.06569024
-0.06003753
-0.025939018
-0.004765362
0.0030158581
0.018672513
-0.04506588
-0.01881562
-0.023907166
0.009011855
-0.0050379694
0.0021769116
0.0016568648
-0.0054711406
-0.019079017
-0.026014628
0.020611564
-0.11655717
0.017654592
-0.17314275
-0.03830496
0.019212075
-0.017966663
-0.084434874
0.12772985
-0.037423648
0.012675613
0.0027268
-0.035535146
-0.042534452
0.017077638
-0.0027678988
0.039102722
0.005851329
-0.02176704
-0.023026163
-0.025041437
-0.004431252
0.007954671
0.040352657
-0.05321624
0.098061785
-0.01589715
0.006305007
-0.018682104
-0.047104273
-0.03983244
0.013238253
0.01432899
-0.014315684
-0.037454903
-0.008092881
-0.032789823
0.0033344496
0.0057820105
-0.045242697
0.02411874
-0.105210386
-0.031161258
-0.022977697
0.013039424
0.023455981
-0.035710376
-0.027553778
0.0014216012
0.009138633
0.00907973
0.00427924
-0.005107783
0.050876103
-0.03690838
0.0062399814
-0.01687184
0.021035127
-0.0059911767
-0.18990627
-0.08503089
-0.040333945
-0.024037758
0.017529111
-0.03803607
0.0003671806
-0.029507138
-0.032363683
-0.016975492
0.0005987971
-0.019927628
-0.023565337
-0.0062070335
-0.081519924
0.018077413
0.001511503
0.013640865
-0.060270354
0.14467354
0.034048457
-0.016145056
-0.0077707563
-0.024689674
-0.01937312
0.03740384
-0.0008394429
-0.030604199
0.031581957
-0.03762752
-0.08732075
-0.036634974
-0.16613965
-0.026020078
-0.14392833
-0.0133245345
0.0051764683
-0.000677883
-0.019353773
-0.017849626
0.02159606
-0.067514576
-0.00046537374
-0.002604568
-0.33543256
0.0030130772
-0.011813486
0.012027372
0.005640727
-0.21010391
0.012013634
0.02355814
-0.16740675
-0.028948091
-0.004013643
-0.12074056
-0.075466
0.009103928
-0.1401121
-0.0074481694
0.0022673844
0.020773813
0.039145038
0.013504042
-0.025288932
-0.026563609
0.014435786
-0.030994214
0.021002425
0.0012495335
-0.0049783955
0.016449284
-0.034711923
0.01134933
-0.033981528
0.40302104
-0.017020717
-0.0247838
0.026666613
0.017359065
-0.035300475
0.00634784
0.012482584
-0.03824644
-0.007535858
-0.035506118
-0.017673917
0.017077435
-0.015426142
-2.8412405e-06
-0.031148123
-0.025470676
-0.039885487
-0.003154237
-0.03739849
0.004777543
-0.0687494
-0.026910584
0.019555615
-0.021467857
-0.022459557
-0.008792718
0.0104653025
-0.009519223
-0.038347226
-0.07547957
0.00044304505
-0.02010382
0.015286548
-0.020317616
0.02623047
-0.022533033
-0.03225132
-0.06618409
0.032525305
0.012201444
0.0076563554
-0.027457384
-0.025088456
-0.14964515
-0.038642775
-0.011692442
0.0004973811
-0.00658329
-0.0369039
-0.18486275
0.0038123638
0.013285857
-0.11508141
-0.20820116
-0.025768587
0.023480637
0.000102418235
0.015434383
-0.031210668
-0.030697418
-0.010331286
0.0055519184
-0.074610844
-0.0034363864
-0.007434784
-0.07595359
-0.039959256
-0.10971716
-0.025033792
-0.12825249
-0.02584345
-0.026481312
0.12216437
0.014589396
-0.03355236
-0.18832994
0.0047981506
-0.022187902
-0.036832403
0.0145691605
0.0225701
0.005584632
-0.012055871
-0.01003272
0.0057834075
-0.030359806
0.002538811
-0.019050855
0.0030337381
-0.027082432
-0.11174942
-0.004522966
-0.001790411
-0.033169463
-0.01696063
0.010475197
-0.0005485947
-0.03296826
0.0041752625
-0.03708791
0.00076127006
-0.002305017
-0.014003123
-0.061944656
0.009113673
-0.020616455
-0.01792704
-0.048261665
-0.3014953
-0.02096123
-0.006014347
-0.034698583
-0.011632086
0.016474217
0.014820791
0.0015657437
0.00737904
0.023674559
0.020504043
-0.004204487
-0.0059751845
-0.007793665
-0.0066567925
-0.03391043
-0.020712823
-0.0058205375
-0.0003193934
-0.0038890452
0.012824875
0.013726654
0.020388419
-0.19422333
-0.0012156755
0.021858385
0.20121075
-0.05944413
-0.025796497
0.0009179063
-0.02881863
0.0057622967
0.003658233
0.019770885
-0.037330665
-0.018139167
-0.25918958
-0.039116118
-0.032047797
-0.0093479
-0.14859122
-0.03098555
-0.021448078
-0.03762195
-0.022545727
-0.20942485
0.13904667
-0.0025662372
-0.024089674
0.0057382225
0.02308808
-0.043753807
-0.033211272
-0.016089268
0.010685502
-0.021195687
-0.03480353
0.0013363045
-0.034050897
-0.021554945
0.027932163
-0.0014846063
0.024529416
-0.06864896
0.015757095
0.004612443
0.026210353
-0.012852676
0.03522178
0.004377804
-0.016828133
-0.017721951
0.011820532
0.006397126
0.0878343
-0.18856823
-0.042678807
-0.03011172
0.031651057
0.0092352005
0.012387144
-0.03535113
-0.0021032286
-0.031807877
-0.04284265
0.5866399
0.01586369
-0.03442724
-0.012630562
-0.02974835
-0.037931547
-0.07280413
-0.019783188
0.0128479665
0.021336436
-0.037831552
0.01693015
-0.17445247
-0.018804263
-0.009800454
0.00070509524
0.009921774
-0.036840606
0.014723098
-0.0066587115
-0.030310918
-0.036519323
-0.0027061626
-0.009268098
-0.036660224
-0.21054348
-0.07266915
-0.00032608418
-0.017443724
0.032820977
-0.032657057
-0.03782282
-0.003953686
-0.18210499
0.0054076486
-0.014792727
-0.0329001
-0.0003128418
-0.019267082
-0.019564578
-0.038435634
-0.01754636
-0.033524763
-0.011412498
0.016571388
0.035048567
-0.035847053
-0.020059073
-0.038141496
-0.017722879
-0.12976204
-0.04016879
-0.00076410617
-0.005709226
-0.016157405
-0.029798348
-0.08436661
-0.0042635617
-0.0040906053
-0.02376527
-0.019905772
-0.010386697
-0.00023230596
-0.017322818
0.0002697868
-0.0013407259
-0.030220956
-0.009546325
0.0027259255
0.0016400283
-0.017953735
0.015639616
-0.030027606
-0.0030941158
-0.06281807
-0.0026293674
-0.0055001266
-0.04135868
-0.14855054
-0.011845855
0.04202757
-0.015965011
0.011456218
0.023799874
0.0033801603
-0.02417386
-0.026309824
-0.013164615
-0.03207318
-0.021839157
-0.010680508
0.017045716
-0.017335871
-6.15073e-05
-0.037452195
0.39389914
0.00027537835
0.013196263
-0.007732607
0.0038194356
0.016944757
0.013670142
-0.03257996
0.010871419
-0.019703303
-0.00041455773
0.03514182
0.0074781864
-0.070787475
-0.035657946
-0.0021072002
-0.02903583
-0.011705158
-0.0026243234
-0.017132951
-0.0035144184
0.011790225
-0.0039548776
0.02091594
-0.048866704
-0.040259082
-0.032269906
0.0033206334
0.04066816
0.019752882
-0.005463287
-0.009534909
0.019617176
-0.04037744
0.0013353287
-0.22265686
-0.04117023
0.018719181
-0.05671816
-0.12947746
-0.025926642
-0.029674694
0.002790332
0.0043311063
-0.014621004
-0.006653309
0.051173363
0.013589507
-0.2258736
-0.040753994
0.04691982
0.02269052
0.017378913
-0.024778763
0.04018131
-0.03568011
0.051795878
-0.04136814
-0.04056519
0.016336847
-0.0053645433
-0.002923848
-0.005676174
-0.29228786
-0.016849251
-0.0008115882
-0.011416773
-0.009648173
0.010443818
0.0060174707
0.015418447
-0.02083444
-0.0035579463
-0.024661774
-0.03572439
-0.019521793
-0.0039685615
-0.017320981
0.018645177
0.018689238
-0.022269882
-0.02102415
0.017705185
0.0096798325
0.4964531
-0.22750528
-0.007658506
-0.016870266
-0.030413227
-0.021008343
-0.007419852
-0.011044445
-0.019041326
-0.00523252
0.009313103
-0.026354307
-0.025276717
-0.044263143
-0.024370942
0.015169953
-0.025277698
-0.021621497
-0.0012521856
0.020787444
