3072
0.016739655
0.080938965
0.04379103
0.10314951
0.16284072
0.044730544
0.022529066
-0.005853
0.16317812
-0.028134922
-0.022270625
0.1252928
0.0457252
-0.05609177
0.120568976
-0.007709813
0.03636289
0.007460117
0.047896154
0.000828705
0.009775543
-0.06843458
-0.0052564754
0.08261584
0.10107896
-0.032818917
-0.012490526
0.030934544
-0.31574228
-0.060458172
0.056599125
-0.078093044
0.0051324572
-0.012927677
0.1722255
0.15537162
0.04405353
0.013023457
-0.09044644
-0.08212769
0.0115658855
-0.005937725
0.010923077
-0.08462795
0.0030533627
0.033141065
-0.059002966
-0.09427408
-0.016468965
0.08125067
-0.0020192561
0.011293776
0.0865462
0.2524215
0.02050425
0.03748959
0.20065755
-0.060864735
-0.017357731
-0.018943813
0.17416771
-0.040075567
-0.046565548
0.051036693
0.010035714
0.08379381
0.028211385
-0.1457777
0.0017659571
0.015504691
-0.034434903
0.012451493
0.105966754
0.05015087
0.16359845
-0.32643923
-0.039595496
0.3710156
-0.13633727
-5.0445764e-05
0.015592758
-0.0010605598
0.011811618
-0.013611524
-0.006075517
0.0014533803
0.008902685
-0.02439243
0.032318134
0.019444287
-0.050066546
0.048119385
0.06106129
0.27026772
-0.13050847
-0.0009317822
-0.04346444
0.034016117
-0.0062105698
0.23302779
-0.005356931
-0.014398255
0.047355413
-0.0354944
-0.105242334
-0.056270156
0.020321514
-0.07329239
0.01067493
0.020178625
0.0297345
-0.023953844
-0.03475391
-0.00027888335
0.06435612
0.1156357
0.24428919
0.062813625
0.009844315
-0.07022342
0.12284673
0.096322276
0.014192095
0.017064055
-0.032960907
0.008038475
0.017226731
0.0032591822
0.16642213
-0.0038523274
-0.0042287265
-0.064001076
0.024989875
0.05293459
-0.034978423
0.012221418
-0.047879096
0.022486983
0.12699434
-0.021521505
0.012971651
-0.18428005
-0.008610219
0.10681741
0.09305859
-0.0036877142
0.03650592
0.012323887
0.15449788
-0.001305
0.008716894
0.0028299924
0.07796847
0.04955626
0.032497842
-0.006183113
0.03711652
-0.08655442
0.019059118
0.0906636
-0.007020982
0.07949462
0.19906208
0.12199667
-0.0015471203
0.0017314014
-0.024316674
0.006538277
-0.03913937
0.036130626
-0.0132608935
-0.0120183015
0.29855025
0.024746373
0.030548347
0.08768146
-0.00013143432
-0.01606738
0.046715003
-0.022056457
-0.0051686745
-0.108766444
-0.043384567
0.018667664
-0.009575108
-0.008322464
0.0065824236
0.008518989
0.02637369
-0.07792634
0.01570859
0.12809697
0.035816547
-0.031097772
-0.09806518
-0.30761355
-0.050420403
-0.1581712
0.06004376
0.115983754
0.0021376759
-0.0017180379
0.018857408
0.042378236
-0.04013702
0.11825782
0.015797682
0.29928818
0.025018938
0.09182194
-0.047835786
0.035663754
0.039011095
0.0041426355
0.0076126065
0.03506489
0.037117243
-0.01665807
-0.032778665
-0.14801931
-0.030293282
-0.13718161
0.04522745
0.022064118
0.012336888
0.035871148
0.033312555
-0.03854606
-0.024417257
0.04604853
0.0065529523
-0.0025044633
0.09346379
0.016325686
-0.007521716
0.06268227
0.04250209
-0.024809442
-0.018014995
-0.0009447216
0.03095466
0.048516925
0.003386089
0.054923814
0.10856139
0.018803537
-0.25262868
-0.017187394
0.07549244
-0.06753384
0.11288593
0.04509363
0.045054626
-0.024969617
0.00089646975
-0.002663013
0.044449
0.07891544
-0.001736261
0.0027749536
-0.07616751
0.15793853
-0.02034288
0.036015082
-0.021911422
0.26131687
0.0105071645
-0.016075304
-0.061660603
-0.061319504
-0.21464312
0.09478347
0.0037705724
0.03286003
0.06280738
0.13381806
0.076375276
0.06948449
0.0098506585
0.08849155
-0.0020067925
-0.04423881
0.11626036
0.0057218317
0.14823376
0.057680976
-0.010615712
-0.0044728406
0.026419738
0.0013440981
-0.07217009
0.03371355
0.055034958
0.024237141
0.2754752
-0.24590996
0.063266166
0.05411881
-0.0089899255
0.014060547
-0.09358768
-0.12103589
0.14944355
-0.01057394
0.16743577
-0.054235622
-0.03377795
0.012893931
0.009440748
-9.229222e-05
0.018355193
0.04598272
0.08974594
0.0768183
0.008943067
0.074279614
-0.02554081
0.12816735
0.043561343
-0.005078036
-0.020537263
0.07186141
-0.018134244
0.12351611
0.28978398
0.002974987
0.0050852844
0.05347747
0.07610766
0.024468299
0.0029929192
-0.032551903
-0.035703365
0.08881614
0.034604773
-0.29779857
0.056854345
-0.06499762
0.043847065
0.21220393
-0.17305732
0.060704775
0.032036763
0.120606005
-0.008434853
-0.0017040832
0.017266687
0.08124858
0.0020387722
0.041494433
-0.066035725
-0.085048035
0.05403787
-0.03891618
0.005967723
0.029676387
-0.0013524393
0.16006534
0.16567308
0.021699473
-0.0048334817
0.019549977
0.031403746
0.040247228
0.027377423
0.017648147
-0.06303704
0.05452755
-0.04525133
-0.039828017
0.041217614
0.005521119
-0.02387659
-0.114264965
0.07677511
-0.03373781
0.018991701
0.14660724
0.042753097
0.12846328
0.072373845
-0.23497804
-0.012749024
0.040864687
-0.0104045635
0.027554536
0.037676018
0.08115017
-0.08362113
0.0058308444
-0.094071925
-0.0008159391
0.19036503
0.17936924
-0.018035453
0.060287975
0.0047767255
0.08081462
-0.013544366
-0.018406134
-0.009964002
0.006224237
-0.012356954
-0.011396895
0.0127069345
0.030486535
0.13303234
0.16825998
-0.09982962
0.01448343
0.054224174
0.022117931
0.09629386
0.052825917
-0.067450866
-0.009768323
0.0010951048
-0.017438205
0.04345073
0.07944059
0.09338125
0.14448336
-0.019057682
-0.02745626
0.014300183
-0.014259437
-0.025749657
0.009812984
-0.06965633
0.028385539
-0.05482386
-0.033689097
-0.055296086
0.20528382
0.078737624
0.15181482
0.15738946
0.007747813
-0.0012245999
0.13272198
0.088236645
-0.04542268
-0.013794835
-0.011781771
-0.21341825
0.0073919734
0.093697354
0.06296036
0.0035884778
0.0009876906
0.012012925
0.08516646
0.08139585
0.27420142
-0.07392994
-0.0065846834
0.017284853
0.030035576
0.0048707584
0.07651199
0.015591474
0.07492507
0.046882425
-0.01015822
0.0020242766
0.056084126
0.1685834
0.04385118
-0.03991887
0.102994375
0.2337021
-0.06790698
-0.010095649
0.024414515
-0.060464613
0.13513513
-0.030969448
0.033752307
0.055264324
-0.025430324
0.003329777
-0.008138903
-0.002270746
-0.00499779
0.040079217
-0.04372513
-0.04322678
-0.046854615
0.038414944
0.12580967
0.1255407
0.098169275
0.18304059
0.35781637
0.09409766
0.23470333
0.062080048
0.0061482405
-0.014131676
0.20042804
0.21694162
-0.22803055
0.012459173
0.43492815
0.06339035
0.0020183092
-0.02205471
0.054664478
0.00875174
0.0029304961
0.015927542
0.041793622
0.12784724
-0.116382316
0.038017917
-0.040104363
0.06556225
0.0805497
-0.022732437
-0.052560005
0.008743519
-0.0022321243
0.0653436
-0.022772133
0.0196962
0.08386719
0.029415285
0.005012714
-0.058245484
0.026440859
0.092622414
-0.0052858056
0.04642763
-0.014277487
-0.11204364
0.03773656
0.059877984
-0.012510867
-0.15429688
-0.030379618
0.17083672
0.074402034
0.0030962555
-0.0985602
0.106802166
0.030186152
-0.04715395
0.08588499
0.031040467
-0.020637738
0.022869917
0.008371963
0.35748184
-0.03947587
0.029239148
0.19019978
-0.05308861
-0.017514424
-0.20319898
-0.027313108
-0.020642124
0.067152284
-0.037193075
0.020521764
0.063497804
-0.17260914
-0.1810432
0.045737803
0.011006688
0.02060063
-0.045760404
0.017458187
0.11074403
0.016573621
0.048320066
0.026769862
-0.019623788
0.10004076
0.10504258
-0.043406334
-0.033804156
0.0004427974
-0.025686435
0.2645777
-0.10130867
0.19534615
0.19674446
0.014913407
0.02085454
-0.0034001383
0.11031505
-0.15200858
0.051569887
-0.042314235
0.059211023
0.068393245
0.0058351336
0.027313868
-0.011928562
0.102201775
-0.058970347
-0.03775082
0.08118495
0.05694468
-0.03349597
-0.006398786
-0.021103837
0.06756673
-0.055463534
-0.10453451
-0.008192905
0.044460043
0.05369099
-0.05860978
0.12371438
0.050131015
0.024453802
0.016159208
-0.021662543
0.010547528
0.027628956
0.027750107
-0.17750059
0.030109119
-0.31772888
0.029892443
-0.18711905
0.16464363
0.0039346577
-0.00092750613
0.06929927
0.05549708
-0.009662753
-0.03954151
0.068379164
0.046634056
0.024098687
0.07072269
-0.009307595
-0.016587447
-0.037264474
0.06506674
-0.056787595
-0.03837338
-0.017829856
0.22005555
-0.009281443
0.3950941
0.01458456
-0.008652564
0.06885045
0.1659974
0.029684303
0.0037882829
0.010533409
-0.010254066
0.01078393
0.07268826
-0.041508883
0.054958574
-0.06704806
-0.059635617
-0.003835994
-0.012752051
-0.0045669824
-0.026580047
0.03997573
0.033881113
0.0039961403
0.06767936
-0.019530816
-0.004362013
0.09613254
0.1802858
-0.024384204
-0.13697158
0.023131726
0.025521005
0.16111414
0.031914663
-0.011042497
0.08450917
-0.042814936
0.02537935
-0.017629392
-0.09568129
0.07348276
-0.0049441326
0.10361181
-0.018452149
-0.014717162
-0.36827397
0.02033239
-0.047630545
-0.01999552
0.075980075
0.09468288
-0.6311023
0.07345148
0.044876568
0.042361185
0.013134839
-0.0064058895
-0.042711142
0.017200917
-0.046363905
0.21888168
-0.036801573
0.05900107
-0.034217164
0.09767708
-0.0059044026
0.019140614
0.077111065
0.04111535
-0.025717175
-0.039619543
0.012905756
-0.021928074
0.056381557
0.00788166
0.1786891
0.020740781
0.041205976
0.0047580115
-0.022342587
0.02562919
-0.010075364
0.14797126
-0.022527462
-0.033448387
0.15918283
0.040191278
0.01624199
0.0013020828
0.098271556
0.25273967
0.018716784
-0.07057478
0.059373304
-0.0055917255
0.0027287083
0.2325291
0.010015161
-0.005286043
0.028950391
0.07077371
0.04646852
-0.015318693
0.14143986
0.028539585
-0.005729534
0.013297042
0.033685725
-0.0078000957
0.31195778
0.09368051
-0.09259401
0.041128017
0.25941157
0.038801648
-0.03485526
-0.027327681
0.16321097
0.003098681
-0.06036806
-0.025598895
0.096813
-0.038282197
-0.06905406
-0.00038144263
0.04895783
-0.0430203
0.044302035
0.041612137
0.015527194
0.021222675
-0.03474705
-0.02621302
0.00089110766
-0.019864071
-0.013696737
-0.049818408
0.15214318
0.042806156
-0.040175296
-0.0132824825
0.031793565
0.0065208017
0.08959964
-0.02803056
0.011629875
0.03827337
0.04177151
0.018974822
-0.013213018
-0.040295657
0.013034236
0.017072195
0.00972065
0.12760323
0.0410501
-0.038709953
-0.0011986172
0.04083788
-0.03821962
0.07268227
-0.026722508
-0.108716704
0.0049645724
0.2084658
-0.039405618
-0.029271588
-0.02123905
0.004423483
-0.023368714
-0.0057091955
-0.036009055
0.01552914
0.043255568
0.14864817
-0.022104664
0.07286918
-0.006206993
0.06201301
-0.04317001
0.06553482
0.062650986
0.02471004
-0.006493706
0.0010785813
0.02220855
-0.006031952
0.056491215
-0.041513443
-0.083320424
-0.02387439
0.1107772
0.035734676
0.17175205
0.044049427
-0.02155187
0.06606145
0.024800979
0.012635573
0.04056214
0.013150039
-0.018508753
0.07800244
0.016533729
0.05889371
0.063197695
-0.0048990715
-0.0013015938
0.05921813
0.21355264
0.06267585
0.028435702
0.0638136
0.12821028
0.030361982
0.052482735
0.08261606
0.06757017
0.021652915
0.14063254
-0.13600779
-0.041468274
0.091480814
-0.11297326
0.15836161
-0.00013409316
0.030845681
0.17230771
0.15543015
0.05663236
0.0078066015
-0.024898646
0.009028302
0.14778994
0.0017715173
0.0049637444
0.27301782
-0.045273487
0.027998243
0.08769059
0.14615299
-0.021501318
-0.00466187
-0.031358898
0.039828166
0.01336004
-0.046714738
0.054454327
-0.025498237
0.12199359
-0.009571122
0.01120884
-0.0058440105
0.21678202
0.0075694765
0.0044583576
-0.029797086
-0.06555096
-0.11944892
-0.0121992305
-0.09748067
0.09070712
-0.21339083
0.094536684
-0.023718266
-0.024685888
0.060071923
0.23263179
0.015775507
0.06952133
-0.1030811
0.05072644
0.031126501
0.053801022
0.16330637
-0.0051172916
-0.026713207
0.11706829
-0.06279676
0.0024891866
0.010161577
0.31899914
0.062231448
0.062225632
-0.045909077
-0.057790786
0.11080451
0.057693467
0.028536113
-0.019082427
0.16644247
-0.03200246
0.19162534
0.018496385
-0.0033294745
-0.03807757
0.20458758
-0.050608985
0.077749565
0.017975925
0.01818049
-0.01570277
-0.025751775
-0.011126126
0.019092232
-0.011221444
0.10486335
-0.0016293057
-0.0039352286
0.008900351
0.07088219
0.043637767
-0.07287405
-0.39339668
-0.02359482
0.0008355419
0.16456847
0.037315488
0.017765287
0.10994048
-0.01511412
0.03254988
0.028015764
0.006661349
-0.020576974
-0.050335675
0.10064453
0.016328882
0.06240427
-0.046829
0.12115574
-0.10720634
-0.057947677
0.079352245
0.0124616865
0.1048893
0.03197434
-0.04086083
0.113830514
0.10579491
0.11107231
0.044316713
-0.10557497
0.04518229
0.0038472323
-0.04553462
-0.001176681
0.09484638
0.0749317
0.005792773
0.09238718
0.09083103
-0.05836618
0.20040894
-0.026830971
-0.069826975
-0.114097565
-0.06537655
0.011952718
-0.0025811673
0.006054927
-0.01688056
0.030187849
0.0448203
-0.0089037325
-0.029866189
0.025031293
-0.07676294
-0.011139644
0.014010445
-0.01909768
-0.018743344
0.015396547
0.04247467
0.02062041
0.058655955
-0.022057138
-0.42957795
-0.06794081
0.22120993
0.017913109
0.16242297
0.15767619
0.05797907
0.07169356
0.040453237
0.13627505
0.014164977
0.033030353
0.1621736
0.050427668
0.021510385
-0.025739068
0.044997886
-0.02428709
0.0068224934
0.1355415
0.019533405
0.007010779
0.037108604
0.08239436
0.1001481
0.020623341
-0.04072572
0.04244906
0.061070215
0.07519743
-0.068848334
0.22956418
-0.046212368
0.0065968297
0.056157175
-0.04269411
0.10367223
-0.011099603
0.035410866
-0.0050760447
-0.056278586
0.0044288444
-0.0036443807
0.037124235
-0.18896219
0.019100936
0.1984354
-0.06844144
0.14525177
-0.031165393
-0.07590103
-0.012786714
-0.0008184478
0.11477987
0.11133547
0.02201261
-0.0041775303
0.15113273
0.011465347
0.0048261634
0.010665405
-0.82202744
-0.048424143
0.012892794
0.010068277
-0.0035898811
0.082883
-0.011021916
-0.06496366
-0.004394105
-0.017265832
0.009195396
0.021035865
-0.019586518
0.10945467
0.14388993
-0.19107887
0.08172962
0.07539173
-0.06309917
0.043718606
0.0058983495
-0.013438194
0.0007623067
-0.006692627
-0.111808464
0.028148597
0.020407176
-0.13775313
0.026353763
-0.48976338
-0.5728089
0.12923291
0.038967434
0.15880878
-0.013676697
-0.052068323
-0.014547074
0.005478967
-0.027208619
0.11623643
-0.032391444
0.0054978426
0.020946644
0.0024313938
0.046199527
-0.01950826
0.010929914
0.2571945
0.036218893
0.0030014238
-0.10797673
-0.016029958
-0.0037436197
-0.005634579
0.05130567
0.053846993
0.21595263
0.07481776
-0.016464766
-0.0112369405
0.04178871
0.18957417
-0.013245502
0.05004826
-0.50421727
-0.011356769
-0.073014975
-0.03871225
-0.050886042
0.0005431923
0.030821824
-0.096364684
0.009659393
0.091382466
0.06271049
-0.0117052635
0.13587916
-0.01542284
0.30520597
-0.0029696778
-0.0068701515
0.037493534
-0.0059949476
0.10895535
-0.30220157
0.04529644
-0.048765004
0.035307873
-0.00021642802
-0.10440925
-0.03128449
-0.028496433
0.04331704
0.037778407
0.017673824
-0.057347678
0.022898236
-0.08687631
0.06901268
0.17121653
0.009205847
0.14819698
0.08156187
0.031257313
4.298836e-05
0.029516613
0.0016000055
0.05215122
-0.0069940207
0.107446626
-0.1356562
0.036360078
0.06563575
0.008532654
-0.09891729
-0.05643684
0.029329458
-0.0020130405
-0.007194517
-0.025583059
-0.055244092
0.055396378
0.018416427
0.035849366
0.014786055
-0.011471184
-0.007438961
0.010647192
0.0550317
0.24294779
0.058477424
0.08551154
0.090921484
-0.031791054
0.02071296
-0.42578015
-0.42114443
-0.1801086
0.102481455
0.1746507
-0.009101929
0.01208205
-0.0008625186
0.07137676
0.016836252
0.16676812
0.071174316
0.37558195
-0.017172337
-0.26284966
-0.050222278
0.004714498
0.10022422
0.010167052
0.011866145
0.0059635374
0.024933854
