9216
0.12670176
0.025883518
0.10834823
0.12146423
0.06573163
-0.08306546
-0.01639172
-0.072276555
-0.23009117
0.013865217
0.021853868
-0.06811602
0.15185288
0.005064736
0.008890012
-0.01666677
-0.06718609
-0.0064648488
0.16059025
-0.1446854
-0.00615646
0.15820935
-0.08737519
-0.0936272
0.11620364
-0.040153895
-0.09290475
-0.20028456
0.2152464
0.13147227
0.16022035
-0.22598404
-0.04135467
-0.07613622
-0.06635172
0.00299526
-0.22409181
0.008386659
-0.5188626
-0.024009146
-0.029977469
-0.026571093
-0.030786904
0.031462863
0.008650211
0.13547207
0.10602149
0.037120033
0.0016877247
-0.014598762
-0.01020082
-0.07426258
-0.1843172
0.026386272
0.13336557
-0.112965
-0.0050064526
-0.30455986
0.04146705
-0.015658567
0.19969729
-0.031745393
-0.05893503
-0.022601806
-0.03819594
0.13064808
-0.008390502
0.053771883
-0.019789238
-0.07491651
-0.029758302
-0.002557253
-0.13976489
0.11843116
0.102315225
0.21885459
-0.061926
0.49196687
0.32791722
-0.04260345
-0.018207712
-0.051480263
-0.19175182
-0.020819684
0.17457889
-0.02608412
-0.03521521
0.27100816
-0.061934877
0.18299448
0.07486288
-0.07480753
0.17899205
0.11711903
0.07413119
-0.020310948
0.060336083
-0.039252166
-0.043087985
-0.13161571
-0.0009249929
-0.01834158
-0.015932651
-0.014212587
-0.024359325
-0.010742787
0.0007474767
-0.66987586
-0.013745704
0.10629478
-0.032179754
0.02793873
-0.15445675
0.03277442
-0.0036466809
-0.2384531
0.20283431
-0.09450555
0.056471333
-0.047017682
-0.29251614
0.18765752
-0.012588156
0.0026153293
-0.33183572
-0.028158767
0.19536708
-0.0071737906
0.60661906
-0.034647916
-0.11433852
-0.008889823
0.0453727
-0.31669644
0.07459566
0.01039523
0.06928637
0.05909049
0.28127474
-0.0041564777
-0.1789935
0.19037165
-0.027262773
0.21265669
0.05412093
0.11485634
0.1192279
-0.035208248
-0.26634237
-0.061474267
-0.03217853
-0.027636737
0.019908806
-0.20690928
-0.049836904
0.08703299
0.0140075805
0.33668482
-0.24150744
0.18071908
0.009797185
-0.042385906
0.17827928
0.040400643
0.001906933
-0.026199564
-0.012482013
0.013928348
0.011741501
-0.17462213
0.013019356
-0.037008844
0.05531993
0.018511785
0.0262333
0.18681648
-0.03562433
-0.010334977
0.0011080483
-0.036416683
-0.059325352
-0.25071535
-0.06091392
-0.015825586
-0.3107686
-0.054488942
-0.024029473
0.045495495
-0.03163975
0.090978086
-0.011573088
-0.008929986
0.027492836
-0.038799845
-0.05059231
0.087205425
0.23292673
0.29743987
-0.029572606
-0.1428685
0.014093463
-0.018308286
-0.019002464
-9.015339e-05
-0.033773106
0.17194845
0.16648835
0.0039897836
-0.07148675
0.13041154
-0.055214774
-0.025965374
-0.06298238
0.0014684916
-0.11262564
-0.0043518594
-0.032578636
0.17167094
0.002572766
0.14897777
-0.00014526345
-0.15325277
-0.016724473
-0.051016487
-0.20616382
-0.13938855
-0.20212606
-0.068124324
-0.037208915
0.010698712
-0.06563044
0.13557549
0.27808776
-0.021185204
0.017521273
0.11208153
-0.014170147
-0.04316629
-0.036831196
-0.052845504
-0.075827524
0.042353548
0.29052308
0.0060792663
-0.04423999
0.13423365
0.17784943
-0.028137816
0.094660684
0.022317173
-0.038853932
0.0042783455
-0.3527712
0.10135957
-0.010796352
0.022803925
-0.25432158
-0.011789112
-0.05606289
0.030976614
-0.0626919
0.12603113
-0.1240977
-0.1108996
-0.039256893
0.11596123
-0.0025525913
-0.0130795445
-0.11086249
-0.017197987
0.086291306
-0.095336765
-0.04800342
-0.37862962
0.0426647
0.10364271
0.25689733
-0.13060538
0.13702253
0.013367831
-0.033894125
-0.06505196
-0.37023178
0.09654653
0.15569477
-0.006701609
0.11438408
-0.016666736
-0.09202091
0.18726256
0.024515033
-0.18990394
0.13952446
-0.029799119
-0.14683971
-0.28083438
0.12466582
0.22105043
0.016853802
-0.02350736
-0.03598616
0.1861097
0.8860346
-0.09766478
0.18470249
0.14175148
0.00881465
-0.36488923
-0.012946142
0.021756586
-0.011986179
0.059568215
0.125336
0.09418143
-0.013080525
0.09623463
0.002524414
0.18207799
-0.08444928
-0.029569088
0.009639791
-0.18537109
0.0032337904
0.13161512
0.18766953
0.13516301
-0.0132134035
0.15330967
-0.021377968
-0.3373711
-0.21964356
0.049863063
-0.11477914
0.19878004
-0.010952883
0.19834167
-0.07169003
-0.014579213
0.030594988
0.046060704
0.11302961
0.088615544
-0.020502212
0.11927633
0.0020842606
-0.009679707
-0.011326704
0.14439206
-0.037007965
-0.00049539056
-0.011823505
0.16556616
0.16284795
-0.2199722
-0.014251884
0.002005019
-0.00846954
0.10524187
0.48522508
-0.038799215
-0.52608573
-0.032414332
0.008084636
-0.04167212
-0.12487064
-0.020367367
-0.1832976
-0.011701204
0.10310962
0.09761637
0.015407027
-0.0045234226
-0.03588025
0.043043453
-0.056539807
0.0047782483
0.020435985
0.18581381
-0.00072622515
-0.1369873
0.12485086
-0.04042069
0.13261129
-0.03800358
-0.0021452254
0.012669551
-0.065063894
0.115039565
0.009724265
-0.03604966
-0.06766424
-0.24926837
-0.2030378
0.058305547
0.16754156
0.16512357
0.10738747
0.022982236
0.05224462
-0.029313426
-0.07801565
-0.051378917
0.17757063
-0.07003972
-0.03340372
-0.031966902
-0.019593645
0.033063054
-0.25038937
-0.059483312
-0.015908344
-0.038135942
0.13013054
0.16420144
-0.016321003
0.0006632388
0.095438495
-0.14305954
-0.039325155
-0.02589419
-0.09658029
-0.036160316
0.0046697045
0.042437695
0.16382311
-0.077736676
-0.10743441
-0.069810115
0.03734763
-0.021519588
0.097686864
0.1976625
0.20985769
0.13638493
-0.023099724
-0.33592513
0.11900977
-0.03450117
-0.020111814
0.011524501
0.17295903
0.0882139
0.20936787
0.012259227
-0.27177447
-0.009982225
0.18439339
0.20653845
-0.04474702
0.017857019
-0.21268679
-0.631929
-0.0021027415
0.14453883
-0.0526922
0.014013673
0.16563383
0.05447268
0.011987612
-0.0141908275
-0.32299665
0.16702752
-0.2620648
-0.013485165
-0.07946942
-0.013697543
0.04926796
0.034492526
0.015925908
0.06487917
0.101758726
0.31329975
-0.17505035
-0.023764733
-0.03151789
0.11053826
0.0028320458
-0.022682007
0.123634815
0.11248154
0.064069025
-0.093279876
-0.023388248
-0.018305998
-0.3579976
-0.04025318
0.08728179
-0.020940978
0.0007472643
0.15059017
0.1452293
0.03515596
-0.15160708
0.22004145
-0.22124675
0.048798185
0.072901994
-0.027190804
0.009131636
0.22038344
0.6659642
0.12621188
-0.0077633457
0.00035429827
-0.050210275
-0.26651576
0.034269977
0.096519284
-0.021576524
-0.0036679315
-0.07412018
0.101283446
0.05965195
0.10856748
0.027547168
0.053279348
0.12334886
-0.40127683
0.09260675
0.08380852
-0.030589849
-0.048979226
0.049611565
-0.13323368
-0.064216584
-0.16145453
-0.08695419
0.042324
0.00018333049
-0.08575516
-0.29415813
0.0032018307
0.06817253
-0.048794355
0.13791904
0.02985727
-0.1789568
-0.07498538
-0.22644286
-0.0122217145
0.23320824
-0.08009183
0.18560332
-0.15269004
0.09417847
-0.0064658406
-0.014492944
0.008815615
-0.025905536
0.0063627167
0.08046163
0.10056568
0.14672367
-0.013495957
-0.2270943
0.07131273
-0.39814273
-0.0017394298
-0.6661141
-0.06725262
0.15661141
0.021077888
0.02240026
0.15288149
-0.0054047955
-0.1916672
-0.007372003
0.0025409763
-0.03630089
0.0066752066
-0.024884991
-0.05095772
0.030202456
-0.08077295
-0.043825824
-0.03697681
-0.0174716
0.106264964
-0.013722091
0.015986513
-0.051052574
-0.03125066
-0.026434088
0.114952505
-0.029301286
0.19992815
0.13805562
0.08224257
-0.5983926
0.21388383
0.12226876
-0.14636174
-0.04801682
0.0062839002
-0.05104187
-0.04986752
0.047911033
0.020204056
-0.004804277
0.071424305
0.10407754
-0.03301304
-0.031177877
0.13718462
0.0368014
-0.02024832
-0.0780177
0.050051156
0.13964987
0.0052577406
0.0059302635
-0.30784127
0.0012686661
-0.055952456
0.11161398
0.09088739
0.070303
0.017092181
-0.026751682
0.1220401
-0.023313148
0.0073549133
-0.019448949
-0.001128047
-0.23312083
-0.9677243
-0.113697365
0.2680792
0.0020933747
-0.18217939
-0.06009945
0.09686647
0.008925736
-0.016178189
-0.15825526
-0.055778597
-0.2196568
0.07867353
-0.106907055
-0.036358718
-0.023530344
-0.014848516
0.18673018
0.0007475795
0.016506493
0.08641025
-0.032174006
0.64015526
0.009595747
0.005204844
-0.07176934
-0.18323798
0.10809197
-0.055026073
-0.033375826
-0.0076767677
-0.036446963
-0.1130278
0.02283779
0.08145875
0.029008236
0.101334386
0.016997166
-0.014759742
0.00889597
0.26886255
0.17485282
-0.32099095
0.15195747
0.15381213
-0.02680912
0.19360727
-0.0386516
0.08468665
-0.042170987
-0.03523201
-0.08885326
0.0020545253
-0.00987672
-0.05513617
0.056117907
0.077519074
0.031326976
-0.03849877
-0.0030782565
0.27679586
0.050436772
0.15537663
0.015382097
0.09731871
-0.020636508
-0.2039262
0.07596082
-0.26354176
-0.032908298
0.23379847
-0.21118627
-0.5083642
0.1791615
-0.023206653
-0.28448412
-0.0033681649
-0.04035464
-0.023774367
0.24818476
0.19902414
0.18056402
-0.10393089
-0.15741521
0.22180527
0.12293473
-0.06669456
0.051851474
0.13387957
0.004521818
0.16129117
-0.049065325
-0.008146227
0.09133763
-0.0067670895
0.014787268
-0.03717414
-4.1431333e-05
-0.07816099
-0.008037341
-0.010599943
-0.018423377
0.0010013549
-0.06814538
0.073125154
0.021667486
0.22436026
0.025898632
-0.025075521
-0.07041394
-0.01612224
0.117411815
0.061270237
-0.08052501
0.0586648
-0.06726584
-0.06353362
0.16371566
-0.05892739
0.01195858
-0.011039154
-0.20172057
0.14438473
-0.09529051
0.0038996225
-0.03492971
-0.013671718
-0.021071207
0.15884398
-0.01735254
0.13005209
-0.1392553
0.0035966497
0.012582747
0.22119257
-0.014850445
-0.07504015
-0.04907434
0.09223411
0.09014308
0.088593304
-0.019306464
0.11798474
-0.4615121
-0.044769865
-0.02905525
-0.019734645
-0.028199852
-0.0071029267
0.025820255
0.049410276
-0.18217166
-0.028901892
-0.02707232
0.0036994794
0.101299204
-0.01549801
-0.020502323
-0.62301844
-0.049578525
-0.530368
0.04263181
0.038340814
-0.027830213
0.15101531
0.11041958
0.017440092
-0.022142626
-0.022500565
-0.52231824
-0.028683024
-0.027551675
-0.037140958
0.01563781
-0.086943544
0.14971209
-0.0054661864
-0.08216675
-0.016573323
-0.015531252
-0.057213552
-0.12115656
0.0015524122
0.14781177
-0.019399239
0.100435056
-0.011918951
-0.013727495
-0.08792049
-0.026860647
-0.04178635
-0.00019702001
-0.0543024
0.015983408
-0.13756286
0.4938528
0.004059886
0.02452114
-0.035421986
0.1356895
-0.07693735
-0.023681877
0.06006016
-0.010174312
-0.034406647
-0.010081817
0.0007406365
-0.030544132
-0.029248886
0.06760634
0.038636327
0.004903904
-0.13158885
-0.013874607
-0.0661192
-0.060138907
0.006192701
-0.21483369
-0.05843209
-0.017916203
-0.057709448
-0.043988466
-0.013546727
0.18322243
0.043003883
0.011270663
-0.24979538
0.053731315
0.017495442
-0.0032308989
0.14171259
-0.0062630014
-0.10147413
-0.021703344
0.1342105
-0.057275567
0.050135937
-0.052764293
0.16346651
-0.0074067395
0.19279982
-0.04442132
-0.088473685
0.4540907
-0.3078155
0.08067896
0.029069155
-0.0130505655
0.107788175
0.11234636
-0.1533932
-0.017424336
-0.05744784
-0.36695144
0.14681862
0.0007561083
0.0010519875
-0.35485858
-0.0018000327
-0.044904754
-0.053282283
-0.062448345
0.008293014
-0.023872564
-0.06070904
0.16265072
0.064893246
-0.07430651
0.18979298
2.1658305e-05
0.047290824
0.012845789
-0.00054745673
0.019412354
0.18316352
-0.09020809
-0.28267708
-0.024148181
0.18256448
0.086549535
-0.021071183
0.35549924
0.10780826
-0.059071094
-0.039387092
-0.03132808
0.024970278
-0.026580108
0.15297186
-0.03294193
-0.048951607
-0.04709739
0.035408072
-0.014237735
0.01708108
-0.042136654
-0.057494674
-0.036203343
-0.02120913
-0.08406328
0.013964837
0.032224607
0.1352943
-0.015370444
0.11642966
-0.0039500264
0.023718497
0.14511724
0.003012729
-0.50871193
-0.053313475
0.09572993
-0.0070793787
-0.3089464
0.119470276
-0.02302353
-0.08032362
0.024165118
-0.0025089646
-0.12698887
-0.02729605
-0.071667045
0.09479037
-0.039031617
0.01905281
-0.021643944
-0.0397706
0.16790058
0.0034093144
-0.03194396
0.004598698
-0.119751446
0.17794502
-0.064024135
-0.16849777
-0.042392418
-0.03949297
0.6191761
0.06172928
-0.032772854
0.12261167
0.0045266286
-0.024150146
0.18003266
0.02702762
-0.049447734
0.12067798
0.17136075
0.007251152
0.11324485
0.05921324
-0.07439353
-0.09902639
0.4793071
-0.05529089
-0.014643538
0.14575516
-0.05389997
-0.015222389
0.03270481
0.16154005
-0.07874106
-0.016949633
0.1428538
-0.37338856
-0.14687574
0.03426219
0.018327465
-0.12138528
-0.21168905
-0.026626345
0.08124156
0.19488513
-0.08754044
0.07867274
0.07657661
0.19366528
0.21673496
-0.36946142
-0.03520979
-0.047121592
-0.18716958
-0.109737694
-0.020874038
-0.03175344
-0.001641722
-0.02237092
0.1540419
0.028858177
-0.015595434
0.045276415
-0.03794572
-0.01915898
-0.013503394
-0.017710371
-0.058435358
0.01065542
0.16930763
-0.082808465
-0.11144199
-0.00943387
-0.053606845
-0.020110846
-0.06729501
-0.01849122
-0.027642379
-0.020449175
0.1006447
0.009062615
-0.010451689
-0.0023331274
-0.054880127
-0.0008505689
-0.00624567
-0.008326149
-0.043586712
-0.0010149494
-0.014509371
0.019259341
0.004557126
-0.05215053
-0.019196752
0.08267677
-0.08476231
-0.014549573
-0.0057029626
-0.028297242
0.04020002
-0.026612403
0.011457444
0.0030840053
0.006612392
-0.071056865
-0.07119574
0.013309275
-0.04576818
-0.024235398
0.018881327
-0.00675845
-0.027218806
0.003553075
-0.011047497
0.074703604
-0.018191991
-0.052258432
-0.042645488
-0.058304466
-0.020176584
-0.006723258
-0.03149895
-0.032692663
-0.03582216
-0.033675347
0.007985727
-0.053680696
-0.043078486
-0.0026403593
-0.043731917
-0.009816447
-0.41224566
0.012461262
-0.025744539
-0.039889492
-0.025861928
-0.06818624
-0.0037505967
-0.006183046
0.002228174
-0.014640257
-0.025977746
0.0020365736
0.00056128995
-0.026422665
-0.03691505
-0.0006977297
-0.03370279
-0.2059893
-0.040950716
-0.0071360017
0.034465857
-0.04046309
-0.005799466
-0.009677093
-0.04871701
0.008442592
-4.034271e-05
-0.029024877
8.105108e-05
0.051421247
0.0764482
0.019071078
-0.047401913
-0.070600174
0.15944427
-0.054438207
0.021070857
-0.020456037
-0.028201154
-0.15511085
0.024097785
-0.01490601
0.022876306
-0.020032728
-0.03719074
0.0011365315
-0.0013793638
0.9117527
0.03078389
-0.082599565
0.035360787
0.0375195
0.0040614605
0.018031629
0.016860427
0.03301253
-0.11363802
-0.07214641
-0.016173972
-0.017488996
-0.1291606
-0.0716155
-0.011000952
-0.032791216
-0.008292072
0.0005256037
-0.0282017
-0.053780932
-0.058782745
0.017413517
-0.017304976
-0.043324016
-0.027710358
-0.02887783
-0.07153569
-0.02223666
-0.013205565
0.004050201
0.016201714
-0.018738633
-0.045450047
-0.56087565
0.05702819
-0.05298627
0.096359454
-0.015540401
-0.01720479
-0.02755851
0.015757345
-0.06841102
0.0047424156
-0.017663052
-0.0521592
-0.0131932795
0.004155349
-0.013057302
0.026359096
-0.030245354
-0.045648046
0.05868425
-0.0062035234
-0.047604423
-0.011308843
-0.0029941297
-0.007468555
0.0060333307
0.011411823
0.0065506883
-0.010850596
-0.01963264
-3.6847614e-05
-0.022757037
-0.13115987
0.010873165
-0.028781144
-0.15904267
-0.011524078
0.02557392
-0.022934584
-0.016623827
-0.006502634
0.006721831
-0.011047349
-0.02887858
0.28578705
-0.05061877
-0.031987518
-0.0074090953
0.039208345
-0.21665388
-0.0009407909
0.0017412842
0.0151902335
-0.013729132
0.015998794
-0.016118608
-0.038010605
0.059813354
0.05460783
0.04680304
0.0023876184
0.0071540195
-0.019120436
-0.053512737
-0.029604772
-0.05403808
-0.03166042
-0.026483156
0.020459123
-0.046795197
0.0032976689
-0.0055933003
-0.0074048485
0.029608693
0.018897243
-0.015475942
-0.0037152371
0.023716643
0.019120155
-0.045185152
-0.024489546
-0.036681417
0.034160797
-0.027556814
-0.049166888
0.078414425
-0.019333296
-0.05637188
-0.015676554
-0.0040069055
0.1030682
0.07257906
-0.117353134
-0.0016677885
0.022135748
-0.0784071
-0.011441532
-0.030488126
-0.017952813
-0.020882998
-0.002711251
-0.057400905
0.078696504
-0.03764585
0.025339618
-0.050095197
0.022812132
0.017139928
-0.10236362
0.039830055
-0.038289167
-0.019314041
-0.017618405
0.009150637
-0.0087121865
-0.0068190875
0.024986502
0.03573213
0.028461939
0.0053140577
0.007925826
-0.049603462
-0.005597461
-0.06833168
0.03266642
-0.057753745
-0.008121559
0.0066322824
-0.03400759
-0.025375986
-0.02734506
-0.050349437
-0.010728112
-0.0043020174
-0.026367236
-0.037409484
0.0031116793
0.013691605
0.0017146639
0.070382655
-0.01754382
-0.0636744
-0.044244528
-0.15641326
-0.060012627
-0.020499814
0.008071933
-0.03849126
0.009013452
0.015393825
-0.020433273
0.012215134
-0.01743483
-0.02434882
-0.025241395
-0.012393696
-0.034993406
0.080114715
0.014771868
0.013850666
-0.010954339
-0.10154215
0.024234949
-0.002494941
-0.52541476
-0.011252304
-0.05288583
-0.015092474
0.042809945
0.0031244727
-0.009178032
-0.056847963
-0.049461115
-0.067214556
-0.005698877
-0.07054513
0.0020237153
0.13559563
-0.008522584
0.016236542
0.028924309
-0.18268676
-0.021340042
-0.003497941
-0.03464483
-0.025772719
-0.03057933
0.32658455
-0.07106789
-0.015962018
-0.029103758
0.020249104
0.22724333
0.028840682
0.010540857
0.0012190229
0.04522557
-0.024054274
-0.03974208
-0.0033305516
0.10804357
-0.11910708
0.033199444
-0.06403627
0.014220559
-0.0111026885
-0.03801918
0.034061503
-0.009874539
-0.008850595
0.011143496
0.0569665
-0.036024876
0.30773443
0.008916941
-0.008790911
-0.028172342
-0.04990419
-0.11996196
-0.04051893
0.07505162
-0.004936436
-0.06370717
0.0068986663
-0.026657682
-0.04055557
-0.01464857
-0.0129791275
-0.048472174
0.06419587
-0.015684806
-0.00040561563
-0.016247207
0.078505695
0.013052956
0.021857457
-0.057146385
-0.03449455
-0.017237892
-0.176539
-0.100846924
-0.016401406
-0.03766332
0.03405786
0.029031236
-0.030552743
-0.0030012606
-0.033188954
-0.01568071
0.035939
0.024128636
-0.008298839
-0.033708576
0.017378751
-0.045392957
-0.06487906
0.07212882
-0.031324107
-0.022048729
-0.0066398154
-0.008115139
0.001677371
-0.29490644
-0.06712449
0.035608325
-0.010162877
-0.00272651
-0.047514655
0.16479546
0.01741469
0.11288413
0.06397057
-0.0928065
-0.047829702
-0.0012962822
-0.02470268
-0.036370978
-0.039061654
0.0009583393
0.046276364
0.121734045
0.25986847
-0.005558736
0.004102881
0.030054083
0.020979814
0.1374273
0.006365645
0.041493014
-0.0129371295
-0.036200687
-0.010285705
-0.049596343
-0.055629984
-0.1902516
-0.036443416
-0.037463266
-0.0028904525
-0.016246248
0.025682516
-0.035665818
-0.03256894
0.054893885
-0.016815439
-0.06431841
-0.0044881757
-0.029221565
-0.05517504
-0.05095155
0.069097824
0.0029909052
-0.017089725
0.022063669
-0.043056145
-0.009375937
0.0016856979
-0.019339938
0.0056114523
-0.01618595
-0.020002399
-0.038739584
-0.027924402
-0.040320996
0.010357395
-0.03759278
-0.032172687
-0.33832812
0.12779912
-0.031229736
-0.008282997
-0.027521836
-0.038550913
-0.016505169
-0.012687664
0.03343206
-0.055765223
-0.0046128877
0.013205315
-0.061780863
-0.017275117
0.009616673
-0.0096957935
-0.00059914374
0.06324314
0.07861596
-0.014650082
-0.03686657
0.0034683489
0.016366262
-0.027934764
0.025932908
0.06538018
0.051253594
-0.53211415
-0.022105252
-0.050494842
-0.046155028
-0.013059281
-0.008364947
-0.046879306
-0.12810814
0.08887732
0.019144826
-0.58692783
-0.012004418
-0.0046418617
0.018556682
-0.033707574
-0.053825054
0.05563097
-0.006694781
-0.033493984
-0.14954855
0.20991324
-0.074824296
-0.037054613
0.03979255
-0.07214688
0.02807367
8.404518e-05
-0.030835934
-0.023996063
0.018458437
-0.03581771
-0.04689878
-0.016691629
-0.020028079
-0.13971987
-0.00020171606
-0.00378305
0.23060691
0.008324248
0.074421905
-0.0031801919
-0.05114381
-0.005954796
-0.014672749
0.0148550775
-0.020807326
-0.012102847
-0.10349408
0.06225323
0.021276511
-0.008810825
-0.06736655
0.04154797
-0.023270007
-0.01404782
-2.347644e-05
0.011453135
-0.016887963
-0.049296964
-0.10376163
-0.014472618
-0.030371608
-0.16587928
0.006942358
-0.030077906
0.23375483
-0.038471796
-0.054403525
-0.042428553
0.0036728855
0.052797776
-0.010889866
0.042900965
-0.08149388
-0.029619487
0.030729597
0.030490736
-0.0048665185
-0.09952673
0.010408955
0.003127199
0.0062503587
-0.027531127
-0.0065417835
-0.051748294
-0.049866144
0.0031017365
-0.003553055
-0.0104312105
0.019941816
0.0714565
-0.032261528
-0.2575489
-0.06226684
-0.010038336
-0.03794492
-0.048295338
-0.05027542
-0.2362027
-0.019167395
-0.029161332
0.01870225
-0.031480666
-0.06956028
-0.22522077
-0.015989713
-0.0029246134
-0.076617144
-0.022164911
-0.13053633
-0.07292915
-0.007919168
0.01774204
0.06133422
-0.028582865
-0.4437581
-0.02461459
-0.018436974
-0.03271859
-0.0108534545
0.005915847
-0.057427004
-0.07105147
-0.026904074
-0.020666163
0.02797784
0.020609453
-0.02592604
0.025913622
0.0073533277
0.011211887
-0.020779513
-0.035957124
-0.2490724
-0.051680412
0.0050801807
0.021417357
0.0076757497
-0.06442953
-0.016781248
-0.02001401
-0.021526724
0.008028082
0.009947622
0.01647823
-0.056319907
-0.011393446
-0.049482394
-0.034141652
-0.06080602
0.018562697
-0.013879836
-0.062181223
-0.0033268665
-0.22976857
-0.005231822
0.015666435
-0.0015696223
-0.12040495
-0.07053913
-0.0032442138
0.0086469855
0.0023597805
0.004449329
-0.04606574
-0.041338485
-0.03758994
-0.22366236
-0.08068516
-0.039448213
-0.04018983
0.027881125
-0.050101183
-0.041803997
0.024657773
-0.063569576
-0.055288024
-0.0084033515
0.031541992
0.01764575
0.15822263
0.008000471
0.044210967
-0.03393102
-0.025681317
0.008849987
0.036402706
0.011642879
-0.036171086
-0.067445025
-0.03045838
0.008263363
0.03576025
-0.04601989
-0.057475887
0.029821437
-0.035323273
-0.032016814
-0.025026659
0.07140053
-0.23270796
0.037787694
-0.16336447
-0.033887234
0.19186045
0.006992441
-0.014962427
-0.02093677
-0.013176908
-0.023388557
0.012012791
-0.042512562
0.01172262
-0.05553983
0.01584496
0.01613944
-0.012667751
-0.03226044
-0.023213344
0.014023544
-0.05714273
-0.0010989542
-0.051461656
0.008138559
-0.0042920937
-0.069139145
-0.02989363
-0.01563228
-0.29524347
-0.004967769
0.0079339035
0.049998954
0.011033681
0.004288285
-0.042195737
0.005528599
-0.0004196851
-0.03264749
0.48278734
-0.078332774
0.020484757
0.053595312
0.009623537
-0.02835823
-0.029519621
-0.011265996
-0.137557
-0.019227026
0.035401214
-0.0536744
0.004543164
0.0055654515
-0.029912397
-0.0022918608
-0.03928685
-0.0024466128
0.009456853
-0.031531278
0.010083047
-0.008811875
-0.038711395
0.013465304
-0.04942621
0.08622663
-0.07148035
-0.13828894
-0.17979933
-0.040487036
-0.039175913
-0.042392258
-0.027580662
0.07826481
-0.06336059
-0.019797012
-0.03277033
-0.049982123
0.014890304
0.069004
-0.03929555
0.020885225
-0.0070449114
0.011187899
-0.08654994
0.018321272
-0.024146171
-0.0062243603
0.034777414
-0.019501843
-0.018652461
-0.0130735915
-0.1675661
0.01012652
-0.020627385
0.036646135
-0.060967404
-0.035610937
-0.011261493
-0.32337135
0.0073660463
0.03336014
0.0029846549
-0.038494352
-0.005881208
-0.03514221
-0.026648253
0.0030819676
-0.088538885
0.22390944
0.08287972
-0.027952861
0.012085733
-0.00090539875
-0.011006822
-0.058767024
-0.012391934
-0.16592647
-0.00084672443
-0.042995095
-0.019903528
-0.005088939
0.001595528
-0.038870815
0.009586547
-0.032629553
0.008821905
0.033233725
0.010098244
-0.23775335
-0.04244329
-0.02638525
0.022072347
-0.064075775
-0.046778828
0.028105134
-0.058348123
0.0058680484
-0.037369713
0.004655574
-0.024033047
-0.021476446
-0.0013494932
-0.014715414
0.020642402
0.017682316
-0.36503595
0.031302482
0.061611302
-0.025665088
0.0020434486
0.0063663884
-0.0070874416
0.150827
-0.0017365528
-0.015077729
-0.026622603
-0.031389654
0.10130248
-0.024658754
-0.043979242
0.023235468
-0.0074969726
-0.025755005
-0.072895855
0.013388474
-0.020272097
0.014151153
-0.02071515
-0.0057369773
-0.03701834
-0.004853196
-0.07199811
0.012539413
-0.023238251
0.03275781
-0.029288318
-0.008907485
-0.011283581
-0.041119684
-0.05981297
-0.040752526
0.002573116
0.0526517
0.03705429
-0.0059603313
0.016965099
-0.043634627
-0.06537939
0.0013412177
0.08482419
-0.008362089
-0.04779838
-0.006190159
0.00061592
0.004884475
-0.0013775141
0.102781095
-0.027337465
-0.027818056
-0.046585765
-0.018941756
0.0065350938
-0.018994424
-0.04741608
-0.009652167
-0.014996496
0.06633247
-0.018201822
0.0055068647
-0.012042652
-0.023038454
-0.015607982
-0.047579076
-0.031896766
-0.038545474
-0.06046645
-0.012216654
0.013696953
-0.026675485
-0.029357934
0.007948922
-0.022650845
0.024745192
0.0016629762
-0.033724785
-0.08785651
-0.052332677
-0.02583118
-0.011447937
-0.015136997
0.02683645
-0.026670333
-0.0010815795
-0.010376805
-0.084638976
-0.021564981
-0.0022460117
-0.010748028
0.02046409
-0.023655
-0.0038984115
0.044498555
0.17349793
-0.023937127
-0.050316934
0.0036016186
0.04337631
0.0025912896
-0.021286704
-0.0032850422
-0.060799934
-0.016745752
-0.04809475
0.009955439
-0.008185198
-0.02444596
0.016311528
0.009475427
0.007679964
0.005136064
0.014044141
0.018745858
0.01312934
0.009544039
-0.06773783
-0.053552054
-0.011903378
0.077214204
-0.02876492
0.0010348224
-0.41996616
0.0011080323
-0.0349082
-0.043351773
-0.040105097
0.00673319
-0.019411001
-0.08969674
-0.02339374
-0.05521414
0.04928268
-0.015002095
-0.016712023
0.011259229
0.022175584
0.0067835175
0.33023003
-0.020524349
-0.02163673
-0.04869896
-0.026931765
0.047301378
-0.075231895
-0.032260146
0.007100355
-0.014393054
-0.038354732
-0.035609826
-0.02666351
0.02860717
0.017276235
0.017766392
-0.045988064
-0.018635953
-0.057642035
-0.009590831
-0.01890393
0.03478303
-0.034952674
-0.049156033
-0.0024027897
-0.034235816
0.018511685
-0.027007291
-0.028598426
0.0122349
0.009637794
-0.014561648
0.01577689
-0.01862003
-0.051685985
-0.038368806
-0.0006615391
-0.025126465
-0.0021979844
0.032546364
0.012773689
-0.04134636
-0.0050787977
0.038373634
-0.012343261
0.03226684
-0.244728
0.14494157
-0.12980466
-0.060726155
0.030952713
-0.009040835
-0.013939494
-0.054187596
-0.028780764
0.047254976
0.009124793
0.10259864
-0.053231664
-0.009992378
-0.20772873
0.001555071
0.015257145
0.01824122
0.15007302
-0.005636865
-0.004227986
-0.06435177
0.013857392
-0.10203822
-0.0057854685
-0.015634695
-0.033648595
-0.10183609
0.09929985
-0.03535408
0.23331049
-0.05734108
0.035775974
-0.07512108
-0.18828633
0.02965686
0.0420341
-0.018682815
0.02904069
0.025099419
-0.03112787
0.00095236296
0.019520272
-0.05925986
0.025496889
0.006856749
-0.14192446
-0.02852934
0.025563212
0.0029167894
-0.021274503
0.00984676
-0.089024164
-0.2532476
-0.036634617
0.00095275766
-0.011403754
-0.019429067
-0.048508327
-0.01943059
0.014060264
0.08265956
-0.06707057
0.055646554
-0.013603255
-0.07825135
-0.00988953
-0.07227601
-0.012788221
-0.030277302
-0.026442738
-0.025238236
0.10068875
-0.13068728
-0.074566744
-0.027330607
0.017863784
-0.1448232
-0.030342571
-0.013288451
-0.04357262
-0.0724448
-0.055908423
-0.015748426
-0.15190008
0.022775546
0.00066863204
-0.08846232
-0.01138724
0.14041054
0.091064125
-0.044932127
-0.08214464
0.047845453
0.17247613
-0.059295475
-0.01903301
0.00468061
-3.939693e-05
-0.032498665
-0.011196264
0.021254335
0.0066865133
0.021971185
-0.019442195
0.0150783835
-0.03916481
0.5609821
-0.013186651
-0.024607506
0.03139446
0.025814857
0.0062016877
-0.029471315
0.07928811
0.012555722
-0.030117339
-0.0028319315
-0.010766264
0.013068265
0.08625291
-0.05574479
0.0003546046
-0.05087103
0.117851876
-0.035496913
-0.06626433
0.022526475
-0.013014095
-0.028395554
-0.0228053
-0.0011701952
0.056553096
-0.013225789
0.021223743
0.020813782
0.41095662
-0.0024287405
-0.095942065
-0.005444105
-0.04829726
0.17096125
0.027646411
0.15670593
0.04472899
-0.07947333
-0.08481054
0.0010924264
-0.078697
-0.06834892
0.014130458
-0.033857305
-0.05642829
-0.13252611
0.09936603
-0.04203337
-0.0397243
-0.07456461
-0.09014603
-0.11351395
-0.011949371
-0.00820159
-0.08306635
-0.114670575
-0.023494314
-0.0053971293
-0.00484984
-0.0026321185
-0.022462975
0.010364146
-0.0055966526
0.0073414682
0.075469606
0.03980332
-0.027840279
0.02396738
0.017891396
0.03494427
-0.009991986
-0.03083292
-0.015720293
0.05166059
0.012612073
0.006158906
0.13329859
-0.009809613
0.0015808209
-0.03164184
-0.040425
0.2819936
-0.005908811
-0.13427931
-0.01889167
-0.008529525
-0.032930646
0.20166302
-0.0954628
-0.05805781
-0.012952308
-0.018795192
-0.011809119
-0.030148337
0.010065127
0.019276708
-0.02188663
0.01396653
-0.020714657
0.013316355
-0.016249947
0.07218241
0.009154612
0.0077776113
-0.046267312
0.025057364
0.03437237
-0.011534488
-0.038059127
-0.12192565
-0.01363977
-0.017920543
-0.035561997
-0.05809703
-0.08391165
-0.0031110724
-0.06193467
0.23447813
-0.008711194
-0.09900089
0.016652815
-0.011990608
0.02384709
0.36204824
-0.007991126
-0.0036373918
-0.02326746
-0.064558245
-0.006741838
0.01983409
-0.022210507
-0.016028164
0.20378116
-0.02395979
0.050136466
-0.0149198985
-0.24568588
-0.0667806
-0.011490892
-0.008929844
-0.042340264
0.0095069185
0.10008127
-0.024760658
-0.06224791
0.2670179
0.010979673
0.09341936
0.011284521
0.023039382
-0.012693522
0.017709818
-0.014146511
-0.07406507
0.014052906
0.06461715
0.025792688
-0.013419023
0.07727162
-0.016803991
-0.01791485
-0.0044074315
0.033733744
-0.2647115
-0.026889464
-0.074777305
0.0060868138
-0.09621952
-0.10261214
-0.054182425
-0.0094439555
-0.0036950945
-0.004466443
0.023155069
-0.06389004
0.01232873
-0.11722761
0.0073192324
-0.06669998
-0.02391825
0.15048145
0.06017176
0.039242625
-0.035425134
-0.020921849
0.0051567657
-0.0024539633
-0.04398567
-0.08615618
0.05337741
0.040547937
0.013641345
0.008133467
0.25545081
-0.044583917
0.032890707
-0.26968113
-0.035954908
0.003520669
0.015573222
0.027960151
0.04925183
0.0142127555
0.13974391
-0.0516425
0.048831064
0.0080403965
-0.18286239
0.009558711
0.068915956
-0.027327623
0.008374559
0.0026596189
0.07115519
-0.032801986
-0.059381217
-0.009857708
-0.008637863
-0.012891545
-0.11510378
0.04631155
0.0006970414
-0.028863627
-0.04113521
0.34740463
-0.039185163
0.0003515349
0.20216875
0.15529211
-0.012147403
-0.6384106
0.46178752
-0.042885017
-0.029214045
0.011456789
-0.06794815
0.010938532
0.18145064
-0.030713482
-0.044541877
0.018949794
0.034489073
0.020699263
-0.009498083
-0.12912278
0.16717292
0.039932854
0.052675005
0.006561168
-0.044557232
-0.017862523
-0.03679526
-0.008526206
0.040174663
0.035509255
-0.0068058604
-0.019087324
-0.0365474
-0.0021909943
0.11892221
-0.050779678
0.09033533
0.042392805
0.032487046
-0.013478473
-0.026327044
-0.017681299
-0.031073002
-0.018533537
-0.011774106
0.004169766
-0.06732415
-0.058504086
0.060384087
-0.053034756
0.06518906
-0.01956079
0.021886298
0.025900934
-0.052467983
0.0023780745
-0.0026421605
0.018616132
-0.034517176
0.13058223
0.050666977
-0.017483337
-0.039455045
0.042778824
0.0074912417
-0.09211024
-0.034192577
-0.032270852
-0.03231036
-0.34627762
0.04771617
0.012462192
-0.0119992
0.035406977
0.04435304
0.2133702
-0.017673193
0.059754726
0.02260018
0.052646775
-0.055514485
0.018061096
-0.01246334
-0.052308455
-0.054628216
-0.058122206
0.013424216
-0.09794462
0.16467711
0.0060307267
-0.06145989
-0.03126152
-0.087848246
0.16944858
0.0011531416
-0.10132329
0.015240699
0.017613286
0.020132264
0.036563575
-0.13905303
-0.0031985661
0.06920254
-0.2086651
-0.017667014
-0.013022181
-0.008298696
-0.14455068
-0.052183904
-0.055951335
0.0015923141
-0.0043899156
-0.08879707
0.007026566
-0.03224446
-0.076452315
0.42461517
0.023975998
-0.002914463
-0.030304294
0.07898074
-0.045571815
-0.005590052
-0.036282584
0.016301027
0.0042220885
-0.028217895
0.013084997
-0.08552464
-0.027602842
0.03895604
-0.012011911
-0.008965918
0.024876907
0.08180485
-0.03631058
-0.052628744
0.04735131
-0.0020821926
0.018414682
0.011038634
-0.015944194
-0.12035422
-0.013005067
0.010211092
-0.0090729045
-0.026404584
0.009224111
-0.010362826
0.046672
0.0047844923
0.050413124
-0.007523368
0.02831002
0.0251793
0.027497504
-0.09471166
0.03576346
0.028185613
-0.005318421
0.30026728
-0.09380123
-0.014243565
-0.01899708
-0.014029181
0.023280859
-0.15278581
-0.07973955
-0.06320514
0.02414533
0.07816464
0.011520112
0.1494181
0.027519891
0.18119006
-0.048727594
0.026249725
-0.05995696
0.05007623
-0.8118472
0.10752562
-0.045240674
0.0096590165
-0.060319778
0.10237534
-0.019815102
-0.075526774
0.0043710037
0.034155972
-0.0146456985
0.008564067
-0.013424859
-0.030209694
-0.026205448
-0.04847418
-0.00877333
0.030875908
0.16436784
-0.0044548777
-0.008734382
0.025224982
-0.13133247
0.034934774
-0.08679014
-0.059552077
-0.058376417
-0.0057125855
0.046299245
0.0026008529
-0.014097066
-0.03348102
-0.019162988
-0.013143899
-0.030353468
0.034281988
0.052637104
0.0078431405
-0.07189359
0.005157813
0.1356622
0.07087897
-0.03250758
-0.026488101
-0.024567796
-0.03326969
0.20543258
-0.0027451525
-0.0044092555
-0.013411364
0.17407565
0.020534065
-0.019746514
-0.014046948
0.019026976
-0.054634288
0.021982891
0.014663235
-0.016598836
-0.052991793
-0.1268359
-0.06424874
-0.01822109
0.15993126
-0.014229302
-0.06471539
-0.06452904
-0.026337754
-0.008275754
0.0012631972
-0.012373427
0.19636329
-0.10357309
-0.51346254
-0.18910736
0.03172826
-0.02178633
-0.032925155
-0.04130812
0.26859263
-0.049319685
-0.024287328
0.06934205
-0.053355023
-0.053121865
-0.07189171
-0.0057973517
-0.04978946
-0.28394216
-0.020019641
0.071056455
-0.065042816
-0.0057868897
0.013323733
0.047557827
0.0005573688
0.02393998
-0.0033442597
-0.033053644
-0.024722958
0.017477112
-0.008391312
-0.14494945
-0.02078482
0.00785668
-0.001239794
-0.030186895
0.22787562
-0.027820596
-0.006301827
-0.014444582
0.014642373
0.063776866
-0.043200392
0.49012077
0.09549875
-0.0086398665
-0.055771556
0.057418395
-0.057832494
0.005091844
0.023344958
0.036404364
-0.0037647735
0.011082252
-0.047471862
-0.03462785
-0.004121155
0.020900501
-0.040434223
-0.040064927
0.0032001273
-0.007964627
-0.27228034
-0.043598935
0.031060657
-0.018177044
0.0074966303
-0.011762087
-0.015006354
-0.03658558
-0.018713227
0.012705474
-0.0051495195
-0.004160474
-0.055469595
0.0148732895
0.029960988
-0.0029989395
-0.22005902
0.031750515
0.004092992
0.02447917
0.0266893
-0.05136173
0.0020651997
-0.06082985
-0.098550014
-0.01931661
-0.09734651
0.009569565
0.031631503
-0.015831122
0.049914315
-0.004526351
-0.031991635
0.009537273
-0.022869397
-0.027061902
-0.23214
-0.07728165
-0.018071838
0.02660222
0.19093038
0.07156658
-0.036513332
0.27140662
-0.00324433
0.022817332
0.030630961
-0.14637028
0.45198977
-0.0019346527
0.2005153
-0.13383764
0.25046498
-0.02024453
-0.0050899843
-0.020032428
0.0072004134
-0.037856262
0.0016359233
-0.07376285
-0.04982541
0.090123914
0.02818106
-0.017684445
-0.069388464
-0.153748
-0.018689675
0.22461967
-0.0024976027
0.0028796252
-0.08290965
0.011597433
0.014626344
-0.037256386
-0.0070667984
0.018361213
0.021307867
-0.023965565
0.038297024
0.055090185
-0.020343697
0.012169282
0.0119340075
-0.0681442
0.01733756
-0.026162548
0.056310978
-0.6035188
0.01455173
0.011602297
0.05036476
0.067312315
0.039753623
-0.024404125
-0.046872895
-0.0377976
-0.015458474
0.058117975
0.0019811366
0.01485394
-0.032649267
-0.08677288
0.051144812
-0.03642206
0.036683273
0.049006928
-0.030623833
-0.030204795
-0.11813706
-0.035994582
-0.0018191792
0.09067917
-0.021732284
0.022743028
-0.18782295
-0.01001598
-0.03202872
-0.047475908
-0.06156652
0.05111302
-0.05781391
-0.05081794
-0.099359564
-0.006767096
-0.010351367
0.024608005
-0.0068023284
0.042615812
0.011306943
-0.036239102
0.00775298
-0.024545344
-0.00767894
0.0100846
-0.011382099
-0.014835447
-0.0015916305
-0.027347777
-0.15469868
0.030714689
-0.010686292
0.13550206
0.009757295
-0.033736363
0.02242694
-0.12044999
0.028539695
-0.020451054
-0.025370844
-0.06030219
-0.0025483232
-0.021538388
-0.014981932
0.0036993378
0.0077838297
-0.03843908
0.005640108
-0.0035422228
0.013168087
-0.010285814
0.0711011
-0.04409471
0.01858578
0.21364205
-0.0013180291
-0.060570214
-0.014379291
-0.027493209
0.027601829
-0.036160335
-0.002954007
0.061891526
0.09447473
-0.022238856
-0.017454686
-0.0708012
-0.0069765206
-0.031307414
0.0076815095
-0.048605595
0.021136085
-0.048953228
-0.03213055
0.021944214
-0.02653881
-0.039447412
-0.030361408
3.004641e-05
0.041897483
0.0134726865
-0.004757414
-0.029130897
0.010715187
0.022925695
-0.14744806
-0.04488845
0.025900537
-0.055200245
0.019736173
-0.014785594
0.0206322
0.052195374
-0.012913075
-0.075857945
-0.029654711
0.0022710457
0.13526167
-0.10352832
0.006569097
0.015817672
0.099369735
0.035041563
-0.010716121
-0.023406329
-0.118946105
0.012774162
-0.02565989
0.11178108
-0.09050145
-0.028971141
0.01813305
-0.03208077
-0.04019477
-0.042283002
0.015788881
-0.103299275
-0.04496123
0.0029702212
-0.026078587
0.048949026
-0.013378998
-0.028834665
-0.07768389
-0.034045354
-0.019020181
0.007208776
-0.025222797
0.103485666
-0.047288023
-0.005420863
0.065846816
0.10951714
0.030445093
0.024495782
-0.030343154
-0.018881617
-0.107908376
0.0055816714
0.03381737
-0.058307994
-0.07714572
-0.03855655
-0.0012027262
0.06565228
0.021707214
-0.012954685
0.013853507
-0.009179568
-0.055324662
0.028029546
-0.0014207759
-0.2577623
0.01930303
0.055328175
0.014850973
-0.035439193
0.0026503685
-0.079078525
0.033648677
-0.037144642
-0.02915974
0.014532142
0.036970496
-0.0028905508
-0.0029664894
-0.008757934
-0.030872414
-0.014844255
0.075423256
-0.04143656
0.014771493
-0.012499616
-0.051028367
0.072397925
0.053643078
0.03284751
-0.041864008
-0.1515206
0.007361712
0.4694723
-0.035398196
-0.19931024
-0.008298877
0.01663053
-0.07873615
0.015135351
0.025400495
0.015506463
-0.016028803
-0.073368214
-0.038503654
-0.056863338
-0.04905417
-0.008247017
-0.040853888
-0.034937203
0.02173618
-0.10983154
-0.012466924
-0.025478218
-0.0012216409
-0.07535231
-0.045617204
0.06480474
0.07595303
-0.013479078
-0.007992607
-0.1464759
0.020401357
0.036280848
-0.07433993
-0.035112794
-0.026263716
-0.021259554
-0.03993729
-0.122400165
-0.029141579
-0.019265698
-0.019924792
-0.03877667
0.005498644
0.046493143
-0.035108406
-0.12848386
-0.025636218
-0.02459914
0.00068464084
0.02366031
0.03804036
-0.8397709
-0.28230467
-0.059402738
-0.011930535
0.018057805
-0.023244333
-0.045270935
0.019580716
0.03832797
-0.33418933
0.015904777
0.00918894
0.011324259
-0.049434617
-0.07637183
0.08861287
-0.061346453
-0.04479729
-0.03487302
-0.038381904
-0.033644285
-0.0025753272
-0.10944595
-0.0341159
-0.022142729
0.043476436
0.0049996055
0.033177637
-0.07513547
0.36827683
0.013475363
0.00019461606
-0.028071536
0.006526385
-0.0064641237
-0.0132369315
-0.12271342
0.16562127
-0.022633372
0.1917831
-0.18436468
-0.019483073
0.003237074
-0.036889642
0.017962163
-0.010325199
-0.0047613652
0.0053685196
-0.102181524
0.004065266
-0.0016098121
0.018806806
-0.017869733
-0.022611827
-0.0016206405
0.01839654
-0.027825374
-0.02187673
-0.0011720154
-0.012797646
0.016765095
0.002553231
0.02282015
-0.08139817
0.049078424
-0.013645706
-0.03449052
-0.0002373609
-0.01549111
-0.01656918
0.008920132
-0.020923762
0.020714018
0.0025540853
0.0011276351
-0.0030633758
-0.013429479
0.03841181
-0.032384515
0.0029720836
0.0037449352
-0.013771418
0.012948535
-0.029454784
0.015778394
-0.018082267
-0.002724112
0.010558807
-0.0035302497
-0.0060186973
-0.033379186
-0.0132535705
-0.008805678
-0.004559771
-0.013421777
0.010866361
-0.023287693
-0.038817324
-0.019930966
-0.0021110652
-0.44365665
0.0132749025
-0.015510484
0.026181577
-0.042954575
-0.062152218
-0.013145908
0.01823259
0.0021950388
-0.029678658
-0.0034807366
-0.027063858
0.024101056
-0.109841906
0.011628908
-0.013568936
-0.0060451822
0.42539743
-0.0042656953
-0.022878628
0.018923929
-0.0003566046
-0.0028834941
0.019383306
0.011404073
0.006343014
-0.0039748223
0.016516384
-0.014657944
-0.0021797377
-0.05461044
-0.010507368
-0.036553226
0.024143748
0.17496096
0.008230174
-0.037797593
-0.037268717
0.026491137
-0.05141
-0.0016732095
0.014117249
0.013698111
-0.02859003
-0.010787204
-0.012878711
-0.012209709
-0.021994311
-0.0029285573
-0.012625083
0.010262476
-0.00454437
-0.04213921
0.009854161
-0.0038556333
-0.017019842
-0.030597046
-0.024383264
-0.014852048
-0.02912531
-0.15096085
-0.005226076
-0.0033412029
0.0092281075
0.041822057
-0.035844617
0.06457098
0.0014841259
-0.0011286016
0.006100675
-0.008018014
-0.041394338
-0.0045485008
0.0067092385
-0.03204298
-0.007501376
-0.029297817
0.010068969
-0.07802565
-0.008888829
-0.012389031
-0.21044162
0.042147648
-0.21768874
-0.0016728292
-0.0069515146
-0.023643505
0.0045989417
0.014316159
0.0047524283
-0.035409767
0.012701306
0.011770233
-0.0111631015
-0.051640987
-0.010790405
0.009627223
-0.064909495
-0.03345092
-0.006606503
-0.019150455
0.013258354
0.0039643575
-0.03743005
0.006153575
-0.012375587
0.009807916
-0.01644741
-0.013253839
-0.038082916
0.006131656
-0.029702846
-0.02635491
0.037825663
-0.0139725935
0.06388362
-0.017989283
-0.01832459
-0.012578498
-0.012482493
-0.03011976
0.018642835
-0.041246098
-0.032065302
-0.021468285
-0.016600167
-0.018217282
0.089524195
-0.012693922
0.018094575
-0.0021156978
-0.04635347
-0.037841093
-0.023979671
-0.101029575
-0.031241762
0.0018184353
0.21538813
0.04839156
0.0057016695
0.025879504
-0.035396006
0.008191089
-0.0007821733
-0.0070484225
0.0071916296
0.0021025673
-0.0030481915
0.06569024
-0.06003753
-0.025939018
-0.004765362
0.0030158581
0.018672513
-0.04506588
-0.01881562
-0.023907166
0.009011855
-0.0050379694
0.0021769116
0.0016568648
-0.0054711406
-0.019079017
-0.026014628
0.020611564
-0.11655717
0.017654592
-0.17314275
-0.03830496
0.019212075
-0.017966663
-0.084434874
0.12772985
-0.037423648
0.012675613
0.0027268
-0.035535146
-0.042534452
0.017077638
-0.0027678988
0.039102722
0.005851329
-0.02176704
-0.023026163
-0.025041437
-0.004431252
0.007954671
0.040352657
-0.05321624
0.098061785
-0.01589715
0.006305007
-0.018682104
-0.047104273
-0.03983244
0.013238253
0.01432899
-0.014315684
-0.037454903
-0.008092881
-0.032789823
0.0033344496
0.0057820105
-0.045242697
0.02411874
-0.105210386
-0.031161258
-0.022977697
0.013039424
0.023455981
-0.035710376
-0.027553778
0.0014216012
0.009138633
0.00907973
0.00427924
-0.005107783
0.050876103
-0.03690838
0.0062399814
-0.01687184
0.021035127
-0.0059911767
-0.18990627
-0.08503089
-0.040333945
-0.024037758
0.017529111
-0.03803607
0.0003671806
-0.029507138
-0.032363683
-0.016975492
0.0005987971
-0.019927628
-0.023565337
-0.0062070335
-0.081519924
0.018077413
0.001511503
0.013640865
-0.060270354
0.14467354
0.034048457
-0.016145056
-0.0077707563
-0.024689674
-0.01937312
0.03740384
-0.0008394429
-0.030604199
0.031581957
-0.03762752
-0.08732075
-0.036634974
-0.16613965
-0.026020078
-0.14392833
-0.0133245345
0.0051764683
-0.000677883
-0.019353773
-0.017849626
0.02159606
-0.067514576
-0.00046537374
-0.002604568
-0.33543256
0.0030130772
-0.011813486
0.012027372
0.005640727
-0.21010391
0.012013634
0.02355814
-0.16740675
-0.028948091
-0.004013643
-0.12074056
-0.075466
0.009103928
-0.1401121
-0.0074481694
0.0022673844
0.020773813
0.039145038
0.013504042
-0.025288932
-0.026563609
0.014435786
-0.030994214
0.021002425
0.0012495335
-0.0049783955
0.016449284
-0.034711923
0.01134933
-0.033981528
0.40302104
-0.017020717
-0.0247838
0.026666613
0.017359065
-0.035300475
0.00634784
0.012482584
-0.03824644
-0.007535858
-0.035506118
-0.017673917
0.017077435
-0.015426142
-2.8412405e-06
-0.031148123
-0.025470676
-0.039885487
-0.003154237
-0.03739849
0.004777543
-0.0687494
-0.026910584
0.019555615
-0.021467857
-0.022459557
-0.008792718
0.0104653025
-0.009519223
-0.038347226
-0.07547957
0.00044304505
-0.02010382
0.015286548
-0.020317616
0.02623047
-0.022533033
-0.03225132
-0.06618409
0.032525305
0.012201444
0.0076563554
-0.027457384
-0.025088456
-0.14964515
-0.038642775
-0.011692442
0.0004973811
-0.00658329
-0.0369039
-0.18486275
0.0038123638
0.013285857
-0.11508141
-0.20820116
-0.025768587
0.023480637
0.000102418235
0.015434383
-0.031210668
-0.030697418
-0.010331286
0.0055519184
-0.074610844
-0.0034363864
-0.007434784
