3136
0.059067495
0.0026669032
-0.10971366
0.0020943873
-0.22844015
-0.094212964
0.10590974
-0.024999889
-0.4113174
0.024244117
-0.051255323
0.022295555
-0.046191517
0.0063453964
0.0050399993
0.0010852362
0.0398473
0.008866466
-0.02693379
-0.14510642
0.042339303
0.14622368
0.06619065
0.0021896206
-0.22864895
0.045234554
0.18755014
0.059290268
0.010141511
0.0035024418
-0.1217776
0.016128268
0.023050345
0.00812104
0.01982423
-0.0643879
-0.06723745
0.03020173
-0.014574331
-0.044002432
-0.027176138
-0.022890987
-0.04381102
-0.051055197
0.00586453
-0.019795906
0.019494157
0.0019953537
-0.0320531
-0.039548118
0.0045498675
0.0020873782
-0.008522753
-0.004103189
0.0632016
-0.012338257
0.09692065
0.07962135
0.0024593954
-0.0023525516
-0.081243105
-0.07471807
-0.09201905
-0.080386326
-0.021921065
-0.022095509
-0.043367885
-0.050732058
-0.04540676
-0.027088093
-0.019485258
-0.00782118
-0.036391057
0.0019500749
0.017496182
-0.027997663
-0.067182295
-0.06525069
-0.0654563
-0.030443087
0.02212214
0.031319555
0.07166209
0.03188877
0.14047441
0.18194745
0.033865
-0.028834527
0.01144575
-0.10832186
-0.04988075
-0.08440248
-0.08690775
-0.060344614
0.005518122
-0.051260877
-0.0145552335
-0.042403523
-0.055613756
-0.013953263
0.01772336
-0.02906722
-0.047851317
-0.055108447
-0.06283693
-0.08517993
-0.07777461
-0.014453929
-0.008224228
0.047845256
0.03303783
0.03533404
0.18871213
0.024170382
-0.023332698
-0.09908869
-0.012945732
-0.056075126
-0.10970607
-0.0665556
-0.01685016
-0.012521723
0.0068480074
0.009290802
-0.023562888
-0.036474064
-0.034643132
0.00932204
0.02389031
0.022440486
-0.024194509
-0.013236453
0.0012276543
-0.026728224
-0.010195468
0.005621334
0.0017508295
0.018853556
-0.007152046
0.008614681
-0.015545883
0.013335305
-0.035959557
-0.053213593
-0.008515125
-0.033569526
-0.017797878
-0.012213057
-0.038249318
-0.026281899
-0.0013473816
-0.044602685
-0.0034094779
-0.0065160766
-0.010592813
-0.028604908
-0.0062776795
0.014570629
-0.012524867
-0.013490573
0.0043504983
-0.020846445
-0.041405074
-0.034410268
0.027732905
-0.027020538
0.0067090034
-0.018256148
-0.024467098
-0.013184153
-0.033062153
-0.058217593
0.0041046506
-0.008507547
-0.041916683
0.0009159074
-0.05349264
0.020417035
-0.028258752
-0.033769146
-0.04307029
0.0024139683
-0.060968738
-0.026706528
-0.020042082
0.0297495
-0.045427363
-0.025235333
-0.029780237
-0.040580187
-0.009516066
-0.020300258
-0.02067794
-0.016114518
0.031617414
-0.0039715194
-0.010002156
-0.0084144175
-0.05202149
-0.011802544
-0.0057266015
-0.03179327
-0.053013403
-0.023803407
-0.075445496
-0.0340149
-0.0022000214
0.003922597
-0.022592934
-0.03792445
-0.0636135
0.0033258968
0.012685971
-0.026919317
-0.014380898
0.011527612
-0.016046062
-0.064839646
-0.06537752
-0.010632815
-0.028410438
-0.022882026
-0.0009949534
0.023615701
-0.03584158
-0.018792989
-0.053955622
-0.005526737
-0.038979895
-0.06844604
-0.028800083
-0.011140756
-0.039562967
-0.035197597
-0.009410645
0.0065417523
0.0026300815
-0.009803631
-0.065377615
-0.046104424
0.011601824
-0.02557549
0.0019467459
-0.04261583
-0.03113345
-0.04465279
-0.05523394
-0.04226306
-0.009706354
0.011069175
0.001101307
-0.010633577
-0.007535136
0.008630641
-0.0067687244
-0.012922571
-0.021486666
-0.020298969
-0.045430638
-0.058443557
-0.036335263
-0.045939855
-0.002181648
-0.03173673
-0.050079063
-0.041778855
-0.034822226
-0.035352763
-0.011501549
-0.0407876
-0.009097765
-0.04701331
0.0104818605
-0.034901228
-0.05711122
-0.058216043
-0.011091161
0.022632685
-0.012414434
-0.010147503
0.011008232
0.0220947
-0.014213111
-0.01041563
-0.025692916
-0.027700817
-0.05730531
-0.07078192
-0.05088193
-0.03646293
-0.025910098
-0.0019447536
-0.028376332
-0.05913282
-0.02974514
-0.00960476
-0.0035961294
-0.0142753385
-0.045541488
-0.036428664
-0.03442309
-0.016884524
-0.0030379174
-0.0066278316
-0.00011730986
0.029219188
0.0015749512
-0.024414582
-0.0015350615
-0.03253543
-0.03063736
-0.029164273
-0.036413137
-0.061804075
-0.014022233
-0.043319046
-0.030613553
-0.012989101
-0.048526153
0.0032764014
-0.0390995
-0.021229401
0.00071298605
-0.038045228
-0.063052125
-0.037615117
0.016974665
-0.045208532
-0.005431985
-0.040925384
-0.018141374
-0.050039303
-0.02208565
0.0027789501
-0.022399258
-0.048565503
-0.04373994
0.01306128
-0.03441205
-0.04054185
-0.008077711
-0.034780253
-0.031881724
-0.03402796
-0.013859491
-0.04495965
-0.046458703
-0.020558061
0.010642932
-0.0022944028
0.020381074
-4.9384045e-05
-0.053744417
-0.008799462
-0.012481372
-0.040821128
-0.009665765
-0.010002444
-0.036946584
-0.032610904
-0.034378923
-0.017943408
-0.0030539273
-0.01829822
0.004211637
-0.037168544
-0.00062515034
-0.036661543
-0.04765847
-0.028046466
0.005801178
0.0026865625
-0.011828215
-0.039318226
-0.03131143
-0.040873177
-0.043846697
-0.014682523
-0.0082757175
-0.00969016
0.002728297
-0.003046705
-0.001148559
-0.009774086
-0.02199538
-0.007959448
0.008970961
0.004342337
-0.01618436
0.0038735648
0.001746042
-0.01828215
-0.026911583
-0.032450326
0.01818297
0.002815559
-0.046525322
-0.025879022
-0.0015128213
-0.015993545
-0.00967099
-0.012944517
-0.052534807
0.014206871
-0.0008826827
0.008503693
-0.025275942
0.013951922
-0.05593372
-0.013678469
-0.024177669
-0.015121959
-0.0056393887
0.019151162
0.007564468
-0.020762399
0.011293908
-0.045832682
0.02108542
-0.0073702587
-0.013120009
0.037833706
0.041758362
-0.014986616
0.015128285
-0.010219368
-0.04923688
-0.03996574
-0.04551899
0.0005721753
-0.047923487
0.008019353
-0.033411715
-0.030496422
-0.03254267
-0.04549048
0.009245956
-0.030354487
-0.023876563
-0.002790622
-0.008783255
-0.038120806
-0.027940731
-0.05401281
0.01787057
-0.033903632
-0.03419755
0.012011686
-0.036118712
-0.0021256043
-0.02163328
0.015827075
-0.049667366
-0.045356244
-0.029983161
-0.07097539
-0.01597369
-0.053498212
-0.0074758832
-0.05280565
-0.0031586017
-0.008820763
0.009314773
-0.0090060765
0.012401668
-0.026829133
-0.046650846
0.008772567
-0.0034952303
0.027121019
-0.0076888013
-0.009235696
-0.026442876
-0.039864007
-0.014284935
0.044785988
-0.019786263
-0.018847669
-0.029419368
-0.04144524
0.0089482665
-0.045602832
-0.011554524
-0.019145692
-0.0018315507
-0.048095003
-0.05044999
-0.064723305
-0.028924182
-0.017703418
-0.0069805696
-0.004582743
-0.010750196
-0.03275013
-0.012502357
0.01109441
-0.04070821
-0.038476072
0.004712099
-0.045078054
-0.004892428
-0.02564932
-0.027091023
0.027868573
-0.014614693
0.015163087
-0.022558188
0.01250826
-0.002123531
-0.049650796
-0.024521234
-0.03427329
-0.023115313
-0.0020708258
-0.039977845
-0.039789207
-0.012396181
-0.03683356
0.009699488
-0.005256137
-0.00557169
-0.028172702
-0.0062999683
-0.00062193925
0.02040938
-0.036182247
0.0030399503
-0.008615744
-0.021263644
-0.0011733623
-0.008206628
-0.03235187
-0.02544026
0.0031318762
0.010427228
0.0007187195
-0.005605965
-0.017385788
-0.025976663
0.0077604596
-0.014610124
-0.057982687
0.0022494572
-0.023088913
-0.04504579
-0.008465606
-0.010534179
-0.033215955
-0.03966377
-0.054277062
-0.039669663
-0.034784354
0.00023278367
-0.005837693
-0.021254933
-0.013971824
-0.010758786
0.014391635
0.026784033
-0.058670703
0.007457587
0.025910884
0.027827404
0.03433375
0.0078442115
-0.016449546
-0.059977792
-0.03172607
-0.058685105
-0.031243918
0.006394272
0.0012832284
-0.048570186
-0.037781842
-0.0061966884
-0.0264255
-0.004809297
-0.031183587
-0.007884433
0.024003442
-0.005797066
-0.032544307
0.012543565
-0.01223357
-0.01702512
0.005963179
0.029906204
0.009146174
-0.036857124
0.020418584
-0.0065989527
-0.017428353
0.0017085783
0.0026314417
-0.019175138
-0.026836343
-0.054994494
-0.057741176
-0.0029825065
0.011468984
-0.032272577
0.019417224
-0.013325333
-0.03598792
0.005578323
-0.021808175
-0.042611923
0.022231823
0.029221052
-0.027411591
0.011315503
0.015459493
0.027448166
0.040115915
0.019737989
0.00928412
-0.012046142
0.019441592
-0.024289563
-0.018981367
-0.043321732
-0.032352872
-0.039364263
-0.055734143
0.0013637139
-0.0070421295
-0.01831708
-0.012322179
-0.022873053
-0.0019089035
0.0045973063
-0.02598623
-0.040027715
-0.024288282
-0.053885937
-0.034216758
0.015599995
-0.010337931
-0.011510183
0.032271337
-0.02297964
-0.024866533
-0.013260284
0.015908673
0.013888861
-0.04805941
0.009697107
-0.026880536
0.0025720615
-0.010548655
0.0006480246
-0.045968264
-0.053602565
-0.049051486
-0.059652455
-0.05013962
0.0010503711
-0.059889212
-0.027051471
-0.006737278
0.0021095164
-0.037619498
-0.006475185
-0.019999038
0.013339214
-0.02132486
-0.035366062
0.019295283
0.028841315
0.03209744
0.0089938715
0.04312811
0.021625478
0.013966448
0.024172144
0.0022493217
0.006121948
-0.062165346
-0.071371466
-0.029960223
-0.04210056
-0.064458616
-0.011510942
-0.035512567
-0.047182012
-0.023914838
-0.02540116
-0.0028110358
-0.021413345
-0.036474973
-0.053450733
0.003421354
0.009443018
0.0048881583
-0.019458259
0.0056940354
0.009148063
-0.010345763
0.02612955
0.028307902
0.02422078
-0.026335048
0.0102903675
-0.020717124
0.0010872188
-0.025865514
-0.020399038
0.023188679
-0.050366867
-0.020613577
-0.011059177
-0.021745408
-0.017122021
0.013196136
-0.0049778763
-0.0019133071
-0.0014038872
-0.04493745
0.012130102
-0.052869536
0.00018474835
0.042651396
-0.014133206
0.016758246
0.034031127
-0.018912155
0.04245027
0.050616134
0.016682962
0.005594235
0.0014611783
0.01961661
-0.046998072
-0.047792066
-0.06634954
-0.01720584
0.017187098
-0.009456834
0.011516403
-0.038203526
0.0021450727
-0.003471976
-0.055036955
-0.034267724
-0.015512138
-0.018358063
-0.048253026
0.0030277197
-0.0025853894
0.0075691547
-0.012191108
-0.05227424
0.021447528
0.0054272674
-0.024187881
0.03560675
-0.253724
-0.03212753
-0.00176407
-0.031360786
-0.008794982
-0.050118223
-0.028411437
-0.020425595
0.036119506
0.006262978
0.023213461
-0.021085571
-0.009757987
-0.06294368
-0.033601493
-0.010185069
-0.00076674606
-0.028151775
-0.032795586
0.003227699
0.0022004116
-0.03657358
-0.043645237
-0.03461937
0.008878414
0.016999861
-0.0017179752
-0.06074952
0.05118213
-0.07529366
-0.1394059
-0.29690167
-0.09806549
-0.035252653
-0.12616178
-0.35447922
-0.22842175
-0.14572467
-0.26665333
-0.30087385
-0.23294681
-0.19857268
-0.2568446
-0.24572523
-0.4632447
-0.38943353
-0.38164046
-0.36065373
-0.27538893
-0.21897991
-0.06198187
0.09886839
0.12920702
0.14383556
0.11465725
-0.07926503
0.012632412
0.241148
0.056194607
-0.0076658567
-0.13856375
-0.31503946
-0.09590361
-0.22805962
-0.03616488
-0.1349606
-0.30882403
-0.34975106
-0.27509364
-0.2410729
-0.32626766
-0.33605865
-0.3604598
-0.46312955
-0.24688989
-0.15051739
-0.20852771
-0.17964463
-0.24769804
-0.08498556
0.16665104
0.23943448
0.21384388
-0.0482474
0.13913405
0.03567269
0.1375686
-0.08747566
-0.30521938
-0.1265038
0.039757885
-0.05428956
-0.09606439
-0.1134038
-0.14498319
-0.27931786
-0.27632293
-0.22521004
-0.23926057
-0.25655013
-0.31217095
-0.29785332
0.03171369
0.06832722
0.0111288205
0.03197026
-0.13735361
-0.35775372
-0.19624315
-0.014608761
0.09590837
0.25231394
0.2704443
0.27107042
-0.04294821
-0.27256545
-0.28457737
-0.116892576
-0.0983327
-0.06418112
-0.08561342
-0.122895814
-0.20962079
-0.19170287
-0.31510657
-0.28569815
-0.23746626
-0.2700538
-0.3083124
-0.23680627
-0.06236267
0.009515218
0.02156257
0.021873534
-0.15916525
-0.21569708
-0.41233063
-0.26807395
0.07663715
-0.21011971
0.16802281
0.05143177
-0.085435525
-0.372383
-0.36071822
-0.16085784
-0.0629083
-0.18891051
-0.1163673
-0.15494885
-0.092304565
-0.13088283
-0.12673552
-0.21076883
-0.16323668
-0.19716416
-0.2229599
-0.22510713
-0.14175504
-0.1392643
-0.106247455
-0.04479659
-0.16075625
-0.308144
-0.34050667
-0.24298504
-0.03440646
0.10303188
0.4288545
-0.13794905
-0.27679703
-0.29940712
-0.44627967
-0.02058319
-0.06977402
-0.12066593
-0.14860915
-0.09471547
-0.1409954
-0.14506845
-0.16646996
-0.25645
-0.13241479
-0.18242581
-0.255777
-0.22159564
-0.12012507
-0.056823924
-0.06575303
-0.014498368
-0.0060251597
-0.19685732
-0.22404885
-0.25703064
-0.23110783
-0.1078074
0.10725967
-0.110175356
-0.19912152
-0.31091148
-0.32200393
-0.03683901
-0.0740757
-0.04887783
-0.15421596
-0.16547318
-0.2542054
-0.2043141
-0.067852244
-0.13772254
-0.10504026
-0.098477006
-0.1075579
-0.10175246
-0.17464346
-0.034702387
-0.005170501
0.007884999
-0.008191809
-0.1452661
-0.20451702
-0.17881778
-0.25544748
-0.2799763
-0.11906845
-0.17540288
-0.32657224
-0.38385504
-0.16183302
-0.0166218
-0.1349934
-0.1366604
-0.19020109
-0.10966005
-0.14244223
-0.07584014
-0.07354986
-0.19082546
-0.05443184
-0.0063361786
-0.06750718
-0.07461751
-0.20463048
-0.19319767
-0.096374355
-0.06900054
-0.039122492
0.033254135
-0.10705658
-0.12416261
-0.16439106
-0.1507128
0.05626217
-0.14415112
-0.2551711
-0.3245365
-0.022629762
0.046775445
-0.06267145
-0.15636145
-0.14860849
-0.12279803
-0.116601504
0.013383659
-0.05938441
-0.12026694
-0.12411774
-0.005556913
-0.057722233
-0.08938166
-0.0987546
-0.07705699
0.03295065
0.00017768996
0.12550487
0.12833174
-0.143609
-0.027778722
-0.09560349
-0.32276794
0.13684002
-0.059054974
-0.19922817
-0.23392889
