3920
-0.00039926992
-0.044139013
0.016695352
-0.030988889
-0.020823382
-0.052781284
0.092352636
0.018225675
0.016288893
-0.1180996
-0.16632634
-0.049375888
0.09516379
0.06151657
0.09413329
0.07761177
-0.0274391
-0.14039455
-0.18319626
-0.08345742
0.06425242
0.050502285
-0.037792146
-0.03764363
-0.06241916
-0.021213118
-0.015904613
0.0117874555
-0.008216495
-0.034240052
0.05111874
0.0043746703
-0.019243691
0.0006701143
0.0769277
-0.13251847
-0.17520857
-0.13301885
-0.1267795
0.0032106207
-0.02188713
-0.027361413
0.019819116
-0.0049542915
-0.025824644
-0.076105
-0.18237396
-0.19095062
-0.16481884
-0.043239616
-0.05719124
-0.08319227
-0.06026301
0.0055204118
-0.0082693
-0.030356146
0.04792911
0.08464578
0.08317275
0.049084965
-0.027558018
-0.11006924
-0.22392786
-0.22743645
-0.11447943
-0.07837466
-0.061584756
0.01418337
-0.025859214
0.0031625822
0.04595993
0.0336375
-0.016795551
0.003248303
-0.09269258
-0.10069376
-0.19220278
-0.1917819
-0.16286507
-0.045965146
-0.012802578
-0.04304046
0.046509642
0.04847648
0.035976067
-0.011555658
0.080971904
0.057418898
-0.1517145
-0.15411921
-0.19252636
-0.10136335
-0.087175794
-0.02597096
-0.02744681
0.032536577
0.009210965
0.039551385
0.011727277
0.043246318
-0.011294271
0.0054395925
-0.023433298
-0.053657103
-0.057835415
-0.18491867
-0.21693715
-0.20432992
-0.10553617
-0.07116845
0.0059283385
0.026682349
0.0047186045
-0.011619306
0.060235538
0.02446614
-0.14329737
-0.13611941
-0.10465126
-0.06477879
-0.0079294685
0.018306587
0.0064588864
0.009291316
0.05845697
0.066647865
0.07217238
0.056511525
0.014938482
-0.042202912
-0.0004986768
-0.035077896
-0.012487631
-0.097870484
-0.15080184
-0.1941161
-0.099843964
-0.082495786
-0.020917365
-0.069411
0.040090773
0.034182157
0.044062622
-0.052188236
-0.11439351
-0.15278114
-0.06543459
-0.034765955
-0.018839523
0.02112568
0.00028349014
-0.016001979
-0.01998517
0.017477991
0.01769076
0.03854054
0.013462962
-0.03302589
0.0028812943
-0.05538636
-0.021791596
-0.04879235
-0.14000218
-0.17619388
-0.14965601
-0.120687455
-0.077817015
-0.029569235
0.015100212
-0.023302147
0.021068241
-0.078381404
-0.06684829
-0.13212772
-0.046839323
-0.034292396
-0.0711827
0.015851788
-0.0328232
-0.043007612
0.00527576
0.0073830215
0.02467203
-0.028397582
3.774307e-05
0.044312738
0.03715027
-0.020991225
-0.05073967
-0.059695147
-0.13049303
-0.1334052
-0.12897116
-0.2230292
-0.16011699
-0.13067566
-0.040345296
0.023648474
-0.01666345
-0.093250684
-0.0667359
-0.095422864
-0.07258438
-0.03872777
-0.035017367
-0.015289427
-0.019966701
0.010594995
0.017725758
0.014573109
-0.039865207
0.0070344456
0.0021364866
0.01807172
0.014706202
-0.020498661
-0.014945294
-0.06860653
-0.14054686
-0.09215806
-0.19439477
-0.1955638
-0.23291317
-0.1329934
-0.039585546
-0.058287416
-0.04128428
-0.08780084
-0.015267155
-0.029557765
-0.07826506
-0.0464535
-0.08921278
-0.039721392
-0.007204042
-0.0073359758
-0.056258384
0.029030366
-0.05973409
-0.04027362
0.048303884
0.0021990892
-0.003006692
-0.011624452
-0.08022873
-0.11957327
-0.098963775
-0.12365575
-0.16206977
-0.15567052
-0.18643998
-0.06514033
-0.056965817
-0.010932875
-0.025691755
-0.04415686
-0.049946852
-0.086313024
-0.048143074
-0.047834415
-0.090703964
-0.01467946
-0.04960503
-0.06081719
-0.016625185
-0.036114786
-0.05824695
-0.022928864
-0.00053266564
0.034631602
-0.015352542
-0.05190365
-0.07405903
-0.10701731
-0.11546371
-0.084648006
-0.064120464
-0.040296514
-0.08254771
-0.007396078
0.018803768
0.12775107
-0.030189067
-0.033637963
-0.030591827
-0.04068596
-0.029241115
-0.043846957
-0.019797815
-0.0060166647
-0.048714783
0.019525768
-0.014580765
-0.012172533
0.011765707
0.025763873
-0.008852776
0.0046874885
0.01716753
0.0096584335
-0.027303092
-0.10264221
-0.079889715
-0.038965113
-0.026792724
-0.0071347756
-0.089916326
-0.026843801
0.047611788
0.103743106
-0.085968934
-0.060230307
-0.010366591
-0.043664973
-0.07217293
-0.036319055
-0.00039444029
-0.0056739785
-0.034792606
0.03967052
-0.0028459977
0.01583963
-0.049504295
-0.029696165
-0.029577939
-0.0023953884
0.020932006
-0.031031933
-0.039324183
-0.05240292
-0.08545625
-0.008829042
-0.014960348
-0.009178549
0.03486729
-0.09217113
0.029688483
-0.052266557
-0.10576896
-0.011839654
0.023316873
0.029267248
0.0069622775
-0.0016418163
0.022721786
0.029203922
-0.028739853
0.02380332
-0.01148225
-0.00019834544
-0.027907573
-0.00049819076
-0.020093301
-0.042887393
-0.015124493
0.030096011
-0.012775819
-0.021960784
-0.020301852
0.040145773
-0.016716199
0.020388851
0.06749194
0.0638792
-0.15112615
-0.045688003
0.039902486
0.11566557
0.042012427
-0.07311679
-0.06895815
0.029324293
0.025647353
0.025755668
-0.022080265
0.010918052
-0.005561764
-5.530449e-06
0.01039163
0.03703962
0.00021594531
-0.07023761
0.015123728
0.017861778
-0.0079235835
0.0053185686
-0.009590994
0.034287777
0.020546613
0.03498041
0.11243189
0.08810152
-0.15742226
-0.028991878
0.0022788502
0.10190825
0.010682599
-0.0643383
-0.009150115
-0.0029327045
0.0281184
0.002553325
0.0043018744
0.008540888
-0.034749676
0.0126176635
-0.036567494
0.0010768943
0.011132504
-0.03408833
-0.009803366
-0.007982525
-0.031856623
-0.009508456
-0.057500567
0.017450787
0.09289966
0.11501412
0.084842965
0.033649277
-0.029240474
0.06863798
0.06586138
0.057428353
-0.004009476
-0.074585356
-0.04779541
-0.05805614
0.018440083
0.01082281
-0.05353032
-0.053937078
-0.036389805
-0.012997374
-0.054656673
-0.033103183
-0.001347401
-0.034227837
-0.051625486
-0.0054215696
0.0010101853
-0.0035719664
-0.02806082
-0.010736415
0.08539381
0.12987955
0.049731795
-0.031750906
0.08166922
0.06513941
0.0016818086
-0.012166318
-0.07303683
-0.108265474
-0.091391206
-0.043693613
-0.04518671
-0.05553607
0.0051328475
-0.024196982
0.002773519
-0.03927645
-0.022358688
0.010447101
-0.0021919678
-0.036428113
-0.050832156
0.018844869
0.0042084614
0.014614254
-0.039793495
0.023831999
0.07296427
0.027106801
0.047258224
-0.009590255
0.107369535
0.023753405
0.02902935
-0.0020060802
-0.027389849
-0.053185273
-0.017691625
-0.027615104
-0.015456381
-0.00031109081
0.017718198
-0.023248285
-0.024351193
-0.054749344
-0.057744063
-0.006043066
-0.0016236594
0.009621157
-0.044794593
0.020758769
0.0008466823
-0.030285288
-0.07114915
0.013206437
0.040871516
-0.010481823
-0.009061262
0.0046894047
0.11011811
0.00027520722
-0.010084616
-0.008840557
-0.0035128642
0.005372632
-0.043588288
0.034032125
0.04556459
-0.05229367
-0.041464243
-0.023202123
-0.029774133
-0.028806949
-0.079343855
-0.04681961
-0.028489782
-0.04924462
-0.030906292
0.035711996
0.042299595
0.0021780548
-0.000570071
-0.0034868252
0.04769523
0.025459135
-0.009036325
0.021532737
-0.013235061
-0.009939826
-0.0074667395
-0.044144865
0.030483948
-0.046471275
-0.0037046797
-0.036396854
0.031366635
-0.063396804
-0.026595797
0.006289131
-0.028601207
-0.03439075
-0.07504497
0.00945415
0.015439787
0.036317736
0.0365579
0.023950687
0.045479186
0.023110704
-0.04413056
0.009976868
0.052603763
-0.03419671
-0.011162899
0.14342752
0.095500104
0.022987371
0.020429773
-0.034042124
0.011069394
-0.0630808
-0.034481417
-0.043001954
0.028618207
-0.053713698
-0.042170286
-0.019650726
-0.04476289
-0.074022725
-0.041174214
0.03809634
0.03629654
0.044254895
-0.029579753
-0.032649238
0.002085936
-0.07240503
-0.05721428
0.0016221569
-0.0023685044
-0.0898549
-0.09148652
0.112879604
-0.009831436
-0.016288102
0.031112319
0.105472274
0.037771374
0.030502003
0.005104602
-0.024694826
-0.014495592
-0.091693945
-0.0813791
-0.096989684
-0.05764674
-0.045714453
-0.07114865
0.0062897136
0.037564337
0.028308118
-0.030324481
-0.05554418
-0.022833044
-0.0623288
-0.017504053
0.009102184
-0.012189137
-0.009028874
-0.008408733
0.077462636
0.02776028
-0.07972604
-0.024488276
0.019330913
0.049217183
0.008221701
-0.020934166
-0.03014606
-0.06593815
-0.044977255
-0.054051384
-0.039915334
-0.022380212
-0.064275846
-0.07168307
0.009464292
0.023153923
0.007977522
0.03352185
-0.006074598
-0.0046291463
-0.052342992
-0.04388244
0.03932951
0.065155886
0.0022239874
-0.057058834
0.0519866
-0.037254576
-0.06949743
-0.02204836
0.0634042
0.049911994
-0.066497706
-0.06041861
-0.022726692
-0.12014632
-0.11204727
-0.08754187
-0.09822431
-0.091711774
-0.057619344
-0.106581315
-0.03700769
-0.020656891
-0.06373597
-0.05984045
-0.10757239
-0.045328647
-0.06371873
-0.073531926
-0.026900675
0.02003808
0.024272053
-0.06616003
-0.031582925
-0.08347236
-0.10890508
-0.011904129
0.10261425
0.039446674
-0.00018728776
-0.074201204
-0.059375025
-0.072585076
-0.10974095
-0.065302774
-0.042042438
-0.06438943
-0.059724778
-0.10197323
-0.040354673
-0.029110951
-0.07067828
-0.04743428
-0.08362887
-0.03222249
-0.05960933
-0.10064956
-0.03077344
0.11011178
0.04450191
-0.023273248
-0.08809578
-0.13340892
-0.12143868
0.013875847
0.10189225
0.047519915
-0.017749537
-0.09964982
-0.070855185
-0.09953457
-0.13177054
-0.101541735
-0.09974132
-0.056217983
-0.12607215
-0.14318351
-0.09046589
-0.02896024
-0.07651027
-0.049234863
-0.06964209
-0.07067809
-0.09742296
-0.09801397
0.020534594
0.07135482
0.027927205
-0.08170451
-0.09134555
-0.11127075
-0.050405864
0.03486345
0.11776643
0.10934118
-0.053002197
-0.06879315
-0.10146921
-0.060826536
-0.08960828
-0.020400265
-0.026928894
0.0015203919
-0.029266931
-0.102300055
-0.018022045
-0.04868434
-0.05705816
-0.058037054
-0.028224848
0.020502042
-0.0906532
-0.023360796
0.020776346
0.060825508
0.08369238
-0.021081153
-0.06406749
-0.015689636
-0.03791567
0.049974665
0.04603149
0.10344248
0.032513984
-0.072943985
-0.16432555
-0.09646758
0.036324043
0.0039646965
0.039195966
0.021760482
-0.07052007
-0.07126544
-0.03380359
0.038878277
0.07539053
0.07865846
-0.02956358
-0.20670678
-0.18538453
-0.072532125
0.02182152
0.061092176
0.020606475
-0.028427215
-0.012750675
-0.01252165
-0.047536492
-0.05345142
-0.051248748
-0.028605318
-0.06683568
-0.048471283
-0.089000985
-0.11107035
0.007649936
0.081502266
0.031167708
-0.0098521495
0.024067787
-0.009635834
0.0057449634
0.0054250713
0.06396071
0.024863712
-0.025926275
-0.07617883
-0.08742828
-0.099936865
-0.053525627
-0.038324013
-0.04816418
-0.014486981
-0.02306662
0.01508643
0.07982038
-0.009192645
-0.09216402
-0.04603329
-0.05847339
-0.030406406
0.0005335436
0.043510802
0.010995473
0.085373394
0.08100673
0.04920173
0.041404113
0.03720278
0.0014350726
0.032290287
0.086597845
0.04146635
0.0031169946
-0.013672153
-0.07386417
-0.0654679
-0.048991803
-0.05803324
-0.06924029
-0.021516452
-0.035564244
0.010735376
0.011174892
-0.03794152
-0.037690926
-0.027091838
-0.0065993974
0.022753887
0.07741325
0.016291814
0.052175358
0.016228102
-0.01703328
0.011592766
0.020924546
-0.010858599
-0.00443095
0.017737737
0.027384954
0.035627447
