2352
0.0031883728
-0.027955813
0.030184343
-0.031958938
0.01909047
0.02236864
-0.039548073
-0.07483578
-0.09728092
-0.10078968
-0.070744045
-0.03565449
-0.07292224
-0.048003532
-0.023681365
-0.053853698
-0.06182683
-0.091833085
-0.088025205
-0.090469226
-0.087984584
0.04662339
0.004740879
0.08275403
0.06736637
0.024529653
-0.06280749
-0.0053670285
0.013827916
0.021901336
0.03335027
-0.019530442
0.0068277004
0.045677185
-0.016586613
-0.0026679412
-0.025123784
-0.038093302
-0.04640858
-0.027700791
0.0010276565
0.024348533
0.014792343
0.03870792
-0.011634977
-0.042439997
-0.0009165414
0.023326335
-0.035431184
0.02176861
-0.018394236
0.025920676
0.029159287
-0.011070616
0.011110936
-0.02306723
0.06287204
0.02322493
0.0150471525
0.0374055
0.0025241263
-0.05701291
-0.019652652
0.031115128
-0.010598928
-0.039860845
-0.05901512
-0.04366692
0.039576262
0.02019624
-0.018804586
-0.061610244
-0.031424943
-0.07828205
-0.06361663
-0.05298763
-0.033678066
-0.017275074
0.0060536433
-0.019853532
-0.039932117
-0.0010388085
-0.00849124
0.003744953
-0.0030069365
0.0578808
-0.023482986
-0.054896332
-0.011834438
-0.027951714
0.008506578
0.025025148
-0.07778751
-0.0163205
-0.003606839
-0.011797441
0.007869329
-0.0021427239
-0.07322246
-0.08348862
-0.047665957
-0.016926987
-0.045379788
-0.01807141
-0.051320605
-0.0022831077
-0.044069793
-0.056276727
-0.023595687
0.0002031741
0.0030068285
-0.019096201
0.06584774
0.058541767
-0.008588281
-0.0067048073
-0.018093424
0.021083254
0.004066861
-0.045741122
-0.04309165
-0.04094346
-0.049873024
-0.05356189
-0.0025451717
-0.0369624
-0.07904211
-0.08657336
-0.039082073
-0.017270582
-0.03129328
-0.09157924
-0.03401958
-0.057469
0.013602315
-0.018249644
-0.0136824
0.0072423415
-0.022477048
-0.0016484958
0.0536047
0.0061236788
-0.021166233
-0.002103801
-0.03714114
0.045037393
0.057930157
-0.048846573
-0.04988092
-0.01509879
-0.046898883
-0.04429717
-0.0020356744
-0.009313445
-0.12360931
-0.011208796
-0.027353724
-0.038528487
-0.060557634
-0.03936854
-0.048243582
-0.059685983
-0.011852054
-0.037342474
-0.0056031896
0.02644019
-0.030233886
-0.010105165
-0.005151566
0.03642818
0.028502125
0.015783865
-0.02417544
0.049721844
0.0014663239
-0.047229603
-0.018873647
-0.048987642
-0.054781333
-0.0033758555
-0.031388644
-0.068798326
-0.056031704
-0.056037817
-0.046511397
-0.028508555
-0.07216553
-0.07303804
-0.047215674
-0.050216127
-0.04577517
0.024376065
0.008193962
-0.027655233
0.0013088115
-0.037186783
-0.013134212
-0.0104599735
0.03469682
0.01261886
-0.0018618704
0.0971074
-0.01584685
-0.09869086
-0.046022527
-0.05153615
-0.042856816
0.0054144724
0.03367835
-0.07218509
-0.061263073
-0.0054843617
-0.017869782
-0.07708074
-0.04068422
-0.05523852
-0.05351516
-0.044366807
0.005888065
-0.022275979
0.009513674
-0.04729313
-0.023549352
0.06473832
0.025258683
0.011949109
0.042452995
-0.003918175
-0.0014360023
0.07734136
0.022647584
-0.003909531
-0.029555334
-0.022432074
-0.058317967
-0.048926897
0.00012840146
-0.023722518
-0.03539302
