3920
0.03533557
0.14286166
0.026709368
0.23479338
0.3350178
0.2274503
0.33681014
0.4257743
0.39063534
0.2298533
0.04316013
-0.0320444
-0.11636212
0.015719071
0.036825456
-0.054158073
-0.110984154
-0.032987434
0.17647272
0.39354557
0.38997725
0.3793435
0.19161652
0.23358156
0.16958718
0.079786696
-0.044715997
0.026900211
0.050125197
-0.061846506
-0.06925351
0.21549526
0.19486156
0.12351844
0.28940624
0.34094524
0.12129851
-0.08318392
-0.028976483
0.045349885
-0.031184714
-0.012852014
-0.06760089
0.009325873
0.030753512
0.034009114
0.012792193
0.04730239
0.3165702
0.4059019
0.09658791
0.06790983
0.058916904
-0.009237445
0.0072668623
-0.009186933
-0.108295366
-0.021723295
-0.10142832
0.021527948
0.027339483
0.15799673
0.1936152
0.10161879
-0.038261045
-0.013043926
0.0497626
0.031975873
0.087436885
0.12512107
0.068441704
0.084561124
-0.0063405694
0.062324744
0.041469965
0.02725942
0.13225456
0.3264098
0.2421971
-0.03168802
-0.047408894
-0.019249685
-0.07929837
-0.052144878
0.07705305
-0.03626784
-0.103675686
0.031100241
0.0045661703
0.0600418
0.14724925
-0.008837417
-0.05077727
0.010658168
0.021017827
0.020739976
-0.0059137773
0.06457304
0.093512766
0.045077417
0.011075911
0.04854449
0.089021295
0.103501886
0.058727372
0.15277657
0.17956373
0.017846104
0.007241886
-0.04287891
-0.013083841
-0.04882614
0.07942045
-0.07560123
0.014127299
-0.02923889
-0.059050635
0.075876206
0.04943692
-0.033479962
-0.014303107
0.07781783
-0.033132266
0.012692374
0.036870267
0.08346979
0.11245171
-0.019622024
0.041713923
-0.0076374505
0.06976559
0.07256386
0.08172819
-0.010762806
0.07424947
0.017439079
-0.039376203
-0.051925156
-0.04888872
-0.00075454294
0.009328901
-0.004514451
0.020406274
-0.092409715
-0.046305023
0.076445036
0.069412835
0.04884897
-0.0049381563
0.011247048
-0.026750062
-0.021315848
0.05745767
0.06897095
0.12008796
-0.0019662797
0.044780623
0.029585604
0.079226926
0.0972658
0.08999525
0.025825446
0.027274525
-0.12721507
-0.08307751
-0.0602773
-0.031486705
-0.09197328
-0.04806225
-0.0012267276
-0.034310404
-0.08744119
-0.055379465
0.08182687
0.027510684
0.047907967
0.07039128
0.05241241
0.022925237
0.025322314
0.021183556
0.055685546
0.086353205
0.016206868
0.0458705
0.03106762
0.12913361
0.16566294
0.13066249
-0.056810357
-0.009710599
-0.048123445
-0.121311486
-0.13322307
-0.13126244
-0.05611972
0.012420135
-0.03943081
-0.019700782
0.04269734
0.0028023194
0.1059108
0.031557113
0.02114141
0.069114625
0.07871561
0.037483778
-0.021755718
-0.025243348
0.058854908
0.07539591
0.044047903
0.055351324
0.15388118
0.14037934
0.16476229
0.17055282
-0.06386095
0.022916721
0.0529485
-0.027815744
-0.047903683
-0.06177309
0.033912547
0.09256935
0.04766418
-0.015272584
0.02971851
0.05409075
0.020299934
-0.06651214
0.060695738
0.07890845
0.06715592
0.04942122
0.057160877
0.041664165
0.024647282
-0.017685713
-0.0370603
0.08122607
0.0813319
0.16434754
0.12621368
0.047496065
-0.07761309
-0.08074754
-0.008502424
0.010042701
-0.074167244
-0.0050554653
0.116355285
-0.03959713
-0.0009546967
0.016511768
-0.044428654
-0.050790116
-0.037518818
-0.049447034
0.054364003
0.07422297
0.13583194
0.07353073
0.043181784
-0.0085975835
0.04685408
0.04910655
0.058463898
0.061622605
0.12140409
0.23950534
0.06886421
0.010549961
0.0007797826
-0.0070709577
0.02690187
0.10594872
0.13664961
0.03545973
0.07055975
0.023087606
0.10511276
0.121656194
-0.049198892
0.028162122
0.045710392
0.041308224
0.024023654
0.05817938
0.19477957
0.055786576
0.0076153697
0.06465612
0.0135150645
0.021824533
0.065996386
0.07879405
0.081599176
0.12479688
0.04881972
-0.011758474
-0.016383039
-0.014887091
0.07591272
0.07865582
0.1391169
0.0950233
-0.020388223
0.03032288
0.12169692
0.08666099
-0.038253177
0.039438695
0.06747429
-0.024330443
-0.06788004
-0.02836167
0.12621881
0.06741238
-0.031419553
0.03749966
0.03443173
0.030398613
0.038428903
0.10111331
0.08469538
0.13823956
0.06073012
0.012245222
-0.04242116
0.0032534178
0.037354488
0.047748126
0.0645599
0.202637
0.004552341
-0.11999242
0.053648077
0.032968894
-0.02584521
0.11059003
0.04539504
-0.17072687
-0.073352896
-0.022653488
0.15781882
0.043407142
-0.012171321
-0.0035356102
0.018845784
0.045301203
0.044920456
0.04387287
0.02784453
0.109283246
0.110307194
0.0202512
-0.032923173
-0.006566941
0.07354855
0.10391451
0.051919803
0.21553762
0.10367045
-0.08730165
0.05324513
0.17525047
0.13348766
0.11681235
-0.09892353
-0.08648471
-0.005592868
0.04800019
0.116762035
0.02663517
0.0151306
0.087909676
0.048055388
-0.013529821
0.058348075
0.023246527
0.028760524
0.10717636
0.13504575
0.091221966
-0.0026887662
-0.011542209
0.05478259
0.0823336
0.13568623
0.103063285
-0.0013965874
-0.045518618
0.15117481
0.17256391
0.10020314
0.090156004
-0.101361945
-0.028408987
0.017650554
0.010374453
0.06644693
0.02982205
0.029952679
0.050611366
0.000852001
0.02331287
0.09458381
0.052635577
0.016664552
0.0529488
0.016940912
0.07708071
-0.014455902
0.03194185
0.06860029
0.054751515
0.115701325
0.10528833
-0.014477181
-0.052899558
-0.024649547
0.008054307
0.028228154
0.07081926
-0.04648295
-0.036464676
-0.049587857
-0.02973505
0.044284523
0.010567747
0.009542404
0.050863832
-0.040390942
-0.120242596
0.042630676
0.016172424
0.017640732
0.041678935
-0.03731857
0.027816055
-0.017867438
0.04348131
0.048134435
0.028613567
0.028381912
-0.033665206
-0.10029005
-0.00052656094
-0.071298815
-0.05731744
-0.07675923
-0.043218125
-0.08243456
0.0061648
-0.0660503
-0.04100822
0.024662616
-0.031484436
-0.033913936
0.04545526
-0.03633581
-0.047558367
0.04052865
0.0028691671
0.007879963
0.024788024
0.028295929
0.013585553
0.020623272
0.03584702
0.00612272
-0.03887455
-0.06514222
-0.01945511
-0.05320911
0.121679656
0.109948784
0.09236538
0.02997021
0.041424483
0.004685325
0.021851243
0.017937282
0.053140655
0.0072234585
0.02699359
0.03353646
0.04782702
-0.020718193
-0.11232022
0.06619584
0.05111651
0.08810796
0.065445326
0.06538239
0.033856407
-0.019970845
-0.00047783667
0.029712547
-0.007987486
-0.033046715
-0.047562584
0.010047137
0.12453787
0.05846338
0.07962166
0.09879856
0.06197427
0.050870415
0.036873613
0.056540996
0.05049277
0.09583984
0.03673068
0.08331809
0.039129723
-0.009798502
-0.1472554
-0.0030771152
0.04099167
0.09134996
0.039741885
0.13770436
0.1067509
0.018942462
-0.00052369764
0.0737459
0.06615879
0.01080484
0.05115195
0.2002072
0.15182352
0.08772263
0.025301715
0.045503844
0.13292345
0.08937693
0.049378518
0.038106803
0.051840425
0.044558305
0.054762248
-0.0005807161
0.011361464
-0.007984604
-0.09226057
0.020271774
0.032503475
0.09961074
0.13927343
0.12670545
0.12157658
0.05456252
0.05932069
0.107796736
0.13167879
0.109517485
0.13333686
0.19006252
0.05109093
0.040849872
0.071280375
0.048342876
0.09425784
0.03753258
0.099899665
0.08218358
0.12799641
0.056580313
0.05137412
0.06756473
0.0474653
0.0055503617
-0.10262134
0.06896155
0.07662046
0.1160249
0.15136316
0.21092044
0.108224496
0.040478427
0.038493894
0.15582907
0.09118375
0.0423437
0.01437089
0.13139804
0.020065196
0.0018183653
-0.018288882
0.0804413
0.060919188
0.116701484
0.16348219
0.09942217
0.10843548
0.03476532
0.040632244
0.033752713
0.014194975
-0.06307622
-0.16676553
0.019971697
0.08504418
0.0871118
0.15540013
0.11327163
0.1485748
0.11352096
0.021783853
0.095852055
0.029602768
0.06040323
0.058631375
0.14058265
0.04732499
-0.0037966282
-0.00044262732
0.09855722
0.15182336
0.0721812
0.14871751
0.07417387
0.06817769
0.07269934
0.057893217
0.035324126
0.036950737
-0.078937784
-0.13711868
0.0023726816
0.025453186
0.070936024
0.14561982
0.063388385
0.1130026
0.118470475
0.052405942
0.114746094
0.08454543
0.030669058
0.026481152
0.0278005
0.17696732
0.07273499
0.00644804
0.06362169
0.14927013
0.061729882
0.12453665
0.07815985
0.132957
0.07898263
0.035704274
0.021911612
0.06991608
-0.02908372
-0.17434113
0.0081560975
0.006359575
0.053654533
0.052857123
0.09494025
0.099818304
0.07819967
-0.015806343
0.11208322
0.04676776
0.06981702
0.062939905
-0.04307032
0.1372913
0.10587458
0.039318528
0.117024586
0.12837842
-0.0065465253
0.059720386
0.033794757
0.10632522
0.11471821
0.09392581
0.06163892
0.08624479
0.04064923
-0.1992779
-0.014200241
0.0553312
0.062247857
0.070087716
0.10913002
0.072044864
0.06823285
0.011136916
0.090963736
0.031773742
0.111864865
0.06387642
0.003362292
0.058649253
0.05759964
-0.01918956
0.05049529
0.072119795
-0.012650944
0.009816581
-0.027858349
0.052544165
0.090507336
0.07649638
0.001924323
0.066078514
0.029131366
-0.16875672
-0.0117021585
0.016621834
0.07317774
0.09934646
0.09304303
0.061463382
0.017670931
-0.07229805
0.013636009
0.061274517
0.08389479
0.045015495
0.035431918
-0.06242856
0.007000944
-0.054922488
-0.024908543
0.07027641
-0.010647957
0.00952777
-0.029372398
0.03602859
0.113346756
0.074657984
0.027068993
0.0051357527
-0.034726147
-0.13848656
0.031134196
0.022053825
0.0011959163
0.07702444
0.05754028
-0.033118125
-0.097327
-0.045267235
0.032772105
0.013314983
0.05630373
0.02938958
0.0048230058
-0.015240055
-0.023211658
-0.07068257
-0.003060003
0.073692955
0.10332718
0.053348474
-0.109225586
-0.0071616997
0.12464517
0.07728446
0.07202848
0.05518145
-0.13280423
-0.14597547
0.022244932
0.019285215
0.0303828
0.09304858
0.08392819
-0.0054107676
-0.094182864
0.046968132
0.011342507
-0.0056685577
0.053250235
-0.029191732
-0.012085717
-0.0035233449
0.031148128
-0.069934644
0.024271466
0.031335082
0.016460253
-0.03430106
-0.124190174
-0.18679096
-0.23510264
-0.34252724
-0.29885638
-0.20280789
-0.040415946
0.025560368
-0.035888173
-0.13298175
-0.3028206
-0.31176442
-0.2510581
-0.18477508
-0.14337642
-0.034277458
-0.035429895
-0.16565888
-0.09644457
-0.055548713
-0.041921455
0.049656413
-0.0186725
-0.006228273
0.044212636
-0.038737725
-0.059160642
-0.075871065
-0.124524385
-0.2091702
-0.2173664
-0.19887838
-0.15970972
-0.17630887
-0.1716994
-0.23257276
-0.17866641
-0.20244727
-0.093568996
-0.21720983
-0.19808996
-0.17514087
-0.12851559
-0.05750434
0.027840996
0.08659737
0.051218957
0.0742186
-0.0041443524
0.105220824
0.012719586
0.07625345
0.0064373617
0.022588458
-0.06023643
-0.19744615
-0.20520082
-0.111087486
-0.1336735
-0.114751525
-0.10507211
-0.11128936
-0.14229281
-0.13098153
-0.12221446
-0.16188176
-0.10496621
-0.063861206
-0.0937967
-0.08386109
-0.13533594
-0.16331199
0.02241167
-0.064158
0.0070680976
0.079035446
0.07987625
0.093988806
0.051400404
0.1266709
0.10672729
0.0049542934
-0.22100447
-0.20017503
-0.14284885
-0.09730531
-0.15819004
-0.08842321
-0.10557331
-0.1093814
-0.076393805
-0.09682438
-0.13290711
-0.078945145
-0.12041437
-0.10533713
-0.057069868
-0.10082087
-0.05852091
0.012713969
0.06481299
0.031200632
-0.07424935
0.098857544
0.22935247
0.08563051
0.12058994
0.26858586
0.19871229
0.035915352
-0.056753986
-0.07649565
-0.10995419
-0.0898452
-0.10948102
-0.06928861
-0.027690241
-0.013627737
-0.061843064
-0.032859124
-0.06255717
-0.0635611
-0.08937315
-0.086738184
-0.054990463
-0.0345795
-0.017002366
0.017819893
0.059638396
0.045949575
0.040294357
0.19695058
0.049784854
0.25573435
0.29233006
0.28268886
0.1466557
-0.008677624
-0.111504875
-0.10313186
-0.058351655
-0.051902607
-0.049703084
-0.0024148368
0.011687487
-0.012880817
-0.034620434
-0.060024355
-0.077173114
-0.06808481
-0.08114035
-0.09837563
-0.06280773
-0.083497964
-0.06319312
-0.05409977
0.1020958
0.082485296
0.13066816
0.24781923
0.1410948
0.31449777
0.30411792
0.11153327
0.09169178
-0.010175729
-0.094354264
-0.094171405
-0.13469842
-0.09292008
-0.11287154
-0.031400282
-0.009208432
-0.020982424
-0.01771249
0.0033761477
-0.12143903
-0.084655285
-0.09754172
-0.04008854
-0.075822644
-0.10310281
-0.13761547
-0.09905292
0.005684493
0.080633156
0.12008356
0.22980228
0.21521561
0.10890272
0.1472813
0.0094923135
0.097261906
-0.11810544
-0.081332795
-0.13497365
-0.12208932
-0.0967649
-0.102193564
0.02089482
-0.00032951013
-0.03530725
-0.09192406
-0.06211112
-0.071308635
-0.15504454
-0.17515104
-0.11571896
-0.17330222
-0.21154562
-0.12699285
-0.17713809
-0.02349798
0.063720785
0.08266271
0.089492515
0.21269861
0.24007206
0.17368309
0.16649383
0.0860766
-0.03734641
-0.052319832
-0.039274357
-0.1081066
-0.083137974
-0.044380266
-0.04155234
-0.049725793
-0.03546731
-0.0790967
-0.08168125
-0.09930529
-0.15133905
-0.14961094
-0.14211576
-0.15754357
-0.12622009
-0.13524085
-0.06540016
0.011417826
0.051406994
0.034513418
0.13964911
0.36836398
0.28617877
0.24737418
0.20383956
0.07121506
-0.07004282
-0.060782604
-0.05833177
-0.10172307
-0.098313704
-0.046268973
-0.016672458
-0.03434186
0.05877524
0.046153318
-0.025566656
-0.14432968
-0.103988305
-0.09342236
-0.044137962
-0.1109876
-0.13393733
-0.117461696
-0.045311604
0.0009306521
0.10013955
0.05691204
0.20467733
0.34975207
0.24149999
0.2116783
0.048454963
-0.027391763
-0.025233217
-0.007879575
-0.029018642
-0.07036563
-0.09821067
-0.020116923
0.01714788
0.03561219
0.0041115945
0.0063171703
-0.08952182
-0.19376116
-0.10477062
-0.1018051
-0.11778002
-0.120820776
-0.16359223
-0.14600195
-0.095753126
-0.03435049
0.045741647
0.102732405
0.1599207
0.29549262
0.3130417
0.13825935
-0.08459285
-0.053577624
-0.017548595
0.026542617
-0.0011446164
0.016763913
-0.018870214
0.0064514857
0.005856821
0.08007443
-0.041562326
-0.08236649
-0.06395242
-0.1724129
-0.15882461
-0.07683242
-0.0873156
-0.03290293
-0.12832724
-0.08428165
-0.08024113
-0.10827932
-0.0700949
0.030241625
0.24678637
0.40468642
0.38412458
0.1305841
0.015702955
-0.07146995
0.03113042
0.030063355
-0.044781864
0.038787205
-0.00036209752
-0.02108828
-0.022599282
0.033987515
0.007794507
-0.05754967
-0.094875805
-0.13740882
-0.12865919
-0.09701864
-0.03994776
-0.031382076
-0.085772894
-0.09341821
-0.013637144
-0.05858912
-0.044908375
0.041898485
0.3282164
0.3250057
0.32139125
0.071369074
-0.041500773
-0.06420826
0.0860884
-0.0019841539
-0.016070573
0.048402227
-0.030101957
-0.031426575
0.050391726
0.007963767
-0.06600814
-0.02935476
-0.12614661
-0.031093452
-0.084800184
-0.13329889
-0.06643838
-0.011473351
-0.0676309
-0.031751003
-0.047113013
-0.0025490893
-0.060586452
0.016374743
0.1815662
0.16811493
0.29063746
0.09075599
-0.07025791
-0.03650211
0.05838649
0.05588523
0.022987653
0.077349275
-0.00414837
0.031800665
0.042154226
-0.03134578
-0.08702062
-0.15285106
-0.11680264
-0.07908193
-0.0710704
-0.06918595
-0.11288124
-0.0605697
-0.071155705
-0.0141422
-0.03405785
0.004910002
-0.069617085
-0.059334744
0.16006836
0.15680146
0.2859115
0.08809606
-0.030820647
-0.020309528
0.06840393
0.038285404
0.02823857
0.134716
0.06721016
0.024570042
-0.041850217
-0.046026267
-0.107865416
-0.114473395
-0.09756374
-0.12666632
-0.10032883
-0.038013667
-0.07664621
-0.08290803
-0.02688234
0.05736191
0.00043399143
-0.06768765
-0.053811803
-0.028427042
0.10246665
0.21400544
0.1539051
-0.034727633
-0.08009931
-0.06647472
0.09104729
0.04858062
0.11697003
0.1604857
0.07822841
0.01521563
-0.03486164
-0.08873218
-0.13207406
-0.08836669
-0.07319617
-0.13277674
-0.10752825
-0.05627432
-0.02272659
0.002198879
-0.07352054
0.016610745
0.009437667
-0.0068797204
0.0731051
-0.035251785
-0.01077438
0.15633142
0.13495284
-0.10924609
-0.012668596
-0.056701805
0.024940588
0.12655085
0.12712637
0.14961681
0.10729503
-0.0747976
-0.1354077
-0.11787113
-0.11853557
-0.07346614
-0.07343789
-0.14923608
-0.12547094
-0.061815612
-0.07811701
-0.025911717
-0.037159234
0.07605275
0.030930303
-0.032638516
0.021375021
0.054465946
-0.03420271
0.03598747
0.2270662
-0.009177534
-0.026145173
-0.005914105
0.09314012
0.16175532
0.17547323
0.1346829
0.05267011
-0.09536711
-0.10875562
-0.089147806
-0.15351805
-0.12552084
-0.055602208
-0.12518585
-0.10767647
-0.10114079
-0.16381595
-0.036525235
-0.026216477
0.08160565
0.039124656
-0.02374393
0.00852016
0.088837154
0.05074356
-0.051553473
0.24475783
-0.0020313594
-0.14136085
-0.030629355
0.04345258
0.1482406
0.087036215
0.12007957
0.028661268
-0.088683896
-0.10245966
-0.09473819
-0.083854005
-0.061904788
-0.04045935
-0.109840915
-0.110067785
-0.0948505
-0.14170083
-0.053071614
0.012200174
-0.009102148
0.10245416
-0.045777116
-0.07105594
0.032421403
-0.017608283
0.06892008
0.109395385
-0.093403
-0.30167612
-0.07548321
0.062282354
0.096632056
0.09381232
0.07623482
-0.026276786
-0.1150672
-0.13870546
-0.11734293
-0.13397412
-0.12485517
-0.06013204
-0.112189434
-0.2086701
-0.19633019
-0.124291256
-0.11304568
0.012504343
0.0020371804
0.05441921
0.017410105
-0.0338691
-0.08575313
-0.024166193
0.2141978
0.16894002
0.0043572406
-0.11613998
-0.046937708
-0.025255658
0.074959576
0.031055255
0.054568093
-0.008760311
-0.14655109
-0.15705714
-0.145012
-0.18465683
-0.18749374
-0.06552036
-0.124888055
-0.23714729
-0.17326465
-0.1496326
-0.085819304
0.004148239
-0.043465395
-0.030746527
-0.039603546
-0.038386755
-0.06337051
-0.039290316
0.15365161
-0.10535095
-0.027982285
0.016324336
0.015416376
0.04777551
0.105313465
0.018007979
0.090927735
-0.07715489
-0.1988906
-0.13417323
-0.2117414
-0.20559052
-0.10500491
-0.17164461
-0.15994339
-0.08577704
-0.14735864
-0.13530184
-0.11915316
-0.046646908
-0.09387861
-0.029131899
-0.04493445
0.002340698
0.043294035
-0.052105453
0.108474895
0.020279018
0.04121428
0.019954896
0.12199891
0.1934135
0.11852726
0.088822044
0.014887069
-0.021047015
-0.033572506
-0.06403532
-0.13299245
-0.07894941
-0.09347422
-0.100477606
-0.0142646255
0.031954974
-0.019885177
0.03370115
-0.0440641
-0.016096858
-0.039771784
-0.026776774
0.037042715
0.08999599
0.1794548
0.005737725
-0.08237664
-0.04934789
0.018563805
0.0440266
0.10609487
0.10177269
0.053814515
0.032814283
0.039462086
-0.014580782
-0.053246215
-0.06199194
-0.10430368
-0.14082336
-0.0901426
-0.095294766
-0.029804317
-0.026842128
-0.04842474
-0.04726567
-0.04363268
-0.0037142995
-0.026561197
-0.07171525
0.017269706
0.083320975
0.07184317
-0.051971495
-0.15749264
0.034463245
0.030089822
0.058026876
0.09843976
0.055809304
-0.002856127
0.021197664
0.04539532
-0.059304643
-0.106927626
-0.12101103
-0.09792012
-0.14810392
-0.094751656
-0.10688342
-0.09133627
-0.075306065
-0.10087821
-0.103981234
-0.11614122
0.019173343
-0.055031803
-0.19520344
-0.053197514
0.021294987
-0.027765648
-0.14105152
-0.12293747
-0.009899307
0.0048522907
0.02021997
0.03386249
0.05344573
-0.0019899246
-0.04890402
0.023177648
-0.07062534
-0.12889226
-0.131605
-0.15278721
-0.19631296
-0.18459144
-0.19737525
-0.15639924
-0.22882964
-0.20054133
-0.24066344
-0.19181669
-0.08893184
-0.1733707
-0.22587612
-0.1248505
-0.051816408
0.045429867
-0.12950216
-0.1849641
-0.067389205
-0.13000076
-0.09012986
-0.14985676
-0.10357758
-0.031082133
-0.030171465
-0.008933699
-0.005993074
-0.033296797
-0.13818203
-0.23025133
-0.2633151
-0.26312295
-0.2571283
-0.25088125
-0.24997225
-0.260735
-0.2452436
-0.1885897
-0.13558881
-0.13713923
-0.16575538
-0.14084111
-0.11997795
-0.04774419
-0.10088503
-0.16745971
-0.024983821
0.029954705
0.019089209
0.014662231
-0.15732466
-0.15963356
-0.14588861
-0.082362115
-0.065026246
-0.13628472
-0.021471994
0.014995174
0.027913632
-0.045851693
-0.020416051
-0.021110034
0.04193115
0.02007554
-0.022287939
0.024483174
0.0314038
-0.08170941
-0.08044308
-0.116416514
0.0035154237
0.04208152
-0.03515508
0.016243722
-0.096506566
-0.06622496
0.010015629
0.05152436
-0.018615572
-0.10931976
-0.07397877
-0.019246086
0.034396905
-0.020205947
0.029868696
0.04526008
0.016255572
0.084895134
0.07307129
0.048652697
0.039370343
0.04323653
0.06183971
0.06713984
0.10998418
0.10207727
-7.118454e-05
0.030869497
-0.052079417
-0.05659455
-0.020157522
-0.009370074
-0.036628734
-0.004976636
0.06330041
0.10284825
-0.016969861
0.058038462
0.11277401
0.17221418
0.0986966
0.008290114
0.014420968
0.0069060326
0.07824405
0.02950269
0.0031671156
0.07546929
-0.006870002
0.044064123
0.042995203
0.037105802
0.1061984
0.14315394
0.12834042
0.06350963
0.019129906
-0.050917953
-0.045791734
-0.049161695
-0.04397429
0.0037327302
0.053278968
0.07692277
0.07195915
0.13986395
0.17039622
0.09306985
0.01586894
0.021803426
0.029092593
0.028577263
0.055490296
0.08964071
0.04730436
0.057594337
0.042672876
0.0381817
0.044410303
0.04762845
0.05575528
0.1065812
0.2232302
0.15303963
0.092298
0.06429322
-0.050251815
0.0128133185
0.032052446
0.023396455
0.042830188
0.00020753902
0.099649996
0.13423705
0.08386013
0.03134529
0.024451489
0.026204363
0.038378343
0.03286653
0.084141314
0.08087269
0.014215782
0.016092686
0.024577975
0.06261612
0.01606908
-0.0022122373
0.03615318
0.09824202
0.15552817
0.18007119
0.10625334
0.07983292
0.0151739735
0.0665535
-0.039440226
0.060827885
-0.020383177
0.011482917
0.15174973
0.15782651
0.09867086
0.008383777
-0.01432743
-0.0046060653
0.036004823
0.03902666
0.035125844
0.0567873
0.009718841
0.037536584
0.05270557
0.091172084
0.06664209
0.003703798
0.010156403
0.06259451
0.085057914
0.17435534
0.10461379
0.00035688057
0.09844045
0.035478167
0.009051745
0.028606405
0.09799455
0.109108984
0.17400657
0.1415183
0.098377414
0.009327713
-0.0042427746
0.010451052
0.07642137
0.020601796
0.05335532
0.06906235
0.03548938
0.05664429
0.0918797
0.08043669
0.08021967
0.02620964
0.03853462
0.035670687
0.131388
0.20367146
0.09611847
0.06473606
0.09170773
0.008728145
-0.047082223
0.10342329
0.16014642
0.10749332
0.14891818
0.13260037
0.10384192
0.012191741
0.021315422
0.057182793
0.05387819
0.04567279
0.06095381
0.10661765
0.090499215
0.0988894
0.08331119
0.083444476
0.07015135
0.076995395
0.054745715
0.05621254
0.09738981
0.1513262
0.112312
0.12868145
0.031884216
-0.07093524
0.014114969
0.05931787
0.072930515
0.07541231
0.11886897
0.12830354
0.069537476
0.028806802
0.06256119
0.012222484
0.0033231042
0.006316845
0.07273992
0.1032666
0.027910685
0.10128773
0.05733417
0.098158814
0.056467842
0.068185925
0.075261965
0.052473806
0.09331927
0.1700967
0.16779307
0.11133481
0.030074606
-0.14679289
-0.016368547
0.014718301
0.12919767
0.1248251
0.11153671
0.114593565
0.06300388
0.013198068
0.06629535
0.09117051
7.4524636e-05
0.038086906
0.061785854
0.062490772
0.042130463
0.15465768
0.08144161
0.10570416
0.08930278
0.07164755
0.046746925
0.07272986
0.091704234
0.11455537
0.11238471
0.067012936
0.0025447584
-0.080658264
-0.08271304
-0.050006032
0.043447517
0.008487709
0.041642834
0.09454829
0.040455524
0.03159119
0.075049065
0.11080221
0.029230906
0.027864302
0.03161403
0.07442593
0.049700465
0.09007282
0.10286457
0.08148335
0.12000879
0.034071904
0.002192666
0.0675021
0.073955774
0.05294939
0.0625609
0.021606602
-0.02963547
-0.09522352
-0.05953089
0.0018743855
0.106102765
0.051999565
0.053864762
0.043114286
0.0126345735
-0.04309623
-0.030071106
0.11396832
0.012843189
0.021646079
0.020042976
0.05414779
0.051604573
0.03878093
0.08078688
0.08292489
0.055464376
0.06962835
-0.0540396
0.04146394
0.027467325
-0.025202297
0.0008470638
0.036575332
-0.16393696
-0.09624203
-0.027956743
0.03212185
0.10311874
0.003965209
0.0016482932
0.013931722
-0.02190255
-0.05819953
-0.0202756
0.08321829
0.028338715
0.082739316
0.042440247
0.05554705
0.07826558
0.08632952
0.099807456
0.08626194
0.108531386
0.05630194
-0.014169079
-0.008618458
0.017243704
0.02941652
0.040475704
0.03370536
-0.083897695
-0.07836372
-0.08680645
0.033201396
0.02830747
-0.023456052
-0.04036366
0.010567253
-0.030392123
-0.1034266
0.014316543
0.044090837
0.016147899
0.10340141
0.10107403
0.10220595
0.060061067
0.07783255
0.07512639
0.11897358
0.09203197
0.07451909
-0.043475196
0.010509048
0.037505366
-0.021323865
0.08001881
0.12971702
0.02492829
0.0519049
0.050920535
0.060374785
0.075652026
0.035777014
0.029171959
0.0004055055
-0.035734277
-0.042910058
0.046658423
0.06434495
0.06721508
0.07654611
0.040907145
0.098336324
0.0854523
0.08320943
0.054147046
0.07957314
0.12955947
0.04478922
0.0010839337
0.067450404
0.08385129
0.01331605
0.05172507
0.11528944
0.024934163
0.021400098
-0.06324644
0.015548219
0.14377563
0.012309041
-0.02235891
0.002917065
-0.052474182
-0.106106676
0.0058770864
0.04012067
0.06757402
0.09552164
0.058792673
0.09330023
0.094794825
0.09200455
0.07013663
0.11072975
0.09742803
0.015868848
-0.005101093
0.014928615
0.0042287936
0.004673648
-0.037408706
0.017073289
0.023534363
-0.041467365
-0.08022727
0.022916479
-0.045750998
0.015483558
-0.0019110615
-0.011265384
-0.016932258
-0.08563362
-0.032095663
0.008591134
0.06074925
0.08441251
0.07068447
0.047723502
0.120731756
0.07325838
0.09104859
0.09486455
0.07895706
0.061866242
-0.039958417
0.009426024
0.053406257
-0.0036787656
0.025166405
0.059873357
0.0367864
-0.05581645
-0.023204852
-0.006171331
-0.059773687
0.05432307
-0.015002089
-0.059066217
-0.07515619
-0.019844454
0.027070248
0.025842376
0.09651262
0.08642394
0.09592351
0.060786966
0.13355924
0.05810872
0.079635106
0.07934004
0.07632853
0.0015906328
-0.026534187
-0.05146108
0.02541304
-0.0131182065
-0.00747203
0.089197755
0.09993153
0.022167793
-0.02834402
0.024186244
0.020282539
-0.04310881
-0.012282063
-0.02849566
-0.07128156
-0.030228036
0.046671435
0.035416674
0.048263747
0.067212224
0.063704684
0.08688663
0.09641091
0.05890981
0.060727384
0.0737771
0.10900517
0.05766254
-0.019729413
-0.029148629
0.052515153
0.013011895
0.010584223
0.09559617
0.052737277
0.0026533562
-0.0176242
-0.007823913
0.0076464415
0.020149019
-0.037884947
0.00074897445
-0.049246885
-0.061042935
0.012481439
0.022267422
0.0375332
0.09184962
0.03636929
0.051793415
0.10050938
0.031450875
0.022259865
0.05613693
0.05310107
-0.0009913496
0.0138248345
-0.06731483
0.070827655
0.053173725
-0.009264786
0.06894666
0.036484487
-0.113847815
-0.048372563
0.034107577
0.033077974
-0.047054827
-0.02941368
-0.010697379
-0.07564312
-0.049175523
0.0025338763
0.029657405
0.006194223
0.03432044
0.01901017
0.085860945
0.072552584
0.027927417
0.015211459
0.009975067
0.011614088
0.053278923
-0.02827514
-0.04246376
0.057335306
0.012639696
0.0013714212
0.051101
0.0151352165
-0.055538863
0.0030938196
-0.024482867
-0.05502882
-0.045109507
-0.014047378
-0.047210116
-0.030517165
-0.04149744
0.06814733
0.028115217
0.06780425
0.07745583
0.03753477
0.07754661
0.04898337
0.06810242
0.03463585
0.05595043
0.034999933
0.05516981
0.031164253
-0.044575192
-0.008021591
0.032190315
-0.024252193
0.07122496
0.024033936
0.022496194
-0.014100004
0.0040506995
-0.09457045
-0.04192842
-0.07610401
-0.04537827
-0.06995396
-0.026678829
0.07984128
0.0026483214
-0.0035265593
0.056738187
0.04956908
0.05226877
0.061265647
0.013208098
0.05199773
0.053894036
0.038481567
0.06894327
0.047295205
-0.051148914
-0.03642597
-0.045755997
-0.12670453
-0.011148115
0.014914217
-0.0016600443
-0.012221801
0.037014384
-0.059230465
-0.020567212
-0.0655619
-0.08360872
-0.035998985
-0.02893752
0.033491757
0.0093365265
0.018820155
0.019276291
0.028219875
0.015556385
0.061450586
0.012877752
0.0049849125
0.045446005
0.04068026
-0.009114332
0.058849767
0.013483611
-0.017045943
-0.04516047
-0.14328799
-0.01765178
0.0061307834
0.0078762835
-0.01831797
-0.041118782
-0.09801313
-0.067967
-0.06297718
-0.036668345
-0.050093133
0.02775338
0.037903547
-0.014614791
0.0042262706
0.06587491
0.008780815
0.05573932
0.06804574
0.057057068
-0.016018543
0.0043447833
-0.023113973
-0.01337943
0.06807239
0.009090788
-0.065279104
-0.024270631
-0.124657996
-0.05291583
-0.03205922
0.046357553
-0.052334458
-0.0842615
-0.12625729
-0.0810561
-0.056811813
-0.058247913
-0.05178042
0.02203777
0.057131063
0.03346605
0.021036418
0.02220825
0.011470764
0.05237719
0.031054646
0.06646906
0.036942143
-0.024330355
-0.014601816
-0.009153721
0.041524503
-0.02442638
-0.022455666
-0.05625412
-0.07700288
0.013496407
-0.046408422
0.07025939
0.054303985
-0.13967563
-0.124088705
-0.113693655
-0.07991538
-0.07094053
-0.036004625
0.08973645
0.07000216
0.054609295
0.02764791
0.03102229
0.014521065
0.057141256
0.09192994
0.071394786
-0.005110893
0.061809972
0.022975199
0.019407135
0.112997234
0.055084847
-0.100419186
-0.10145802
-0.10404797
-0.042885907
-0.04434163
0.054173652
0.03791307
-0.116336025
-0.16968496
-0.14145404
-0.05603607
-0.093520224
0.035831325
0.15807796
0.20501311
0.10103636
0.07318585
0.059323486
0.060211737
0.08809394
0.12977152
0.108300924
0.07419436
0.062033307
0.024014574
0.11071535
0.19201726
0.18250279
-0.02590224
-0.052607987
-0.06872521
-0.030866105
-0.031930484
0.061433043
-0.08538362
0.15356036
0.16263817
0.18138063
0.11402127
0.15563612
0.072436355
0.019408455
0.017623551
0.09412664
0.12141156
0.14209569
0.033988364
0.0871637
0.06832665
0.2047236
0.16987394
0.17093563
0.15449391
0.10986098
0.18592434
0.12262851
0.079931475
0.12765655
0.06700429
0.18642646
0.11016995
0.08577543
0.01472809
0.17665848
0.17371622
0.14533897
0.17201477
0.15029669
0.041738812
0.033531174
-0.0151823405
0.12547792
0.061891854
0.024481313
0.09024272
0.13916823
0.11529303
0.110885404
0.09827678
0.14681122
0.09750185
0.061713003
0.050885342
0.064711064
0.07493519
0.11380951
0.06441125
0.12614895
0.13647313
0.042432807
-0.06692095
0.08299336
0.058945566
0.13586289
0.080495745
0.0073666372
0.026132042
-0.020828648
-0.04336131
0.053774685
0.031864125
0.1377509
0.11820173
0.17111862
0.16482377
0.15278797
0.1738486
0.15461586
0.18056212
0.15119104
0.0893486
0.0885638
0.04194716
0.0036110375
0.010189576
0.14245129
0.0470187
0.10976057
0.07179999
0.15751788
0.05123912
0.0392202
0.017068135
0.03137694
-0.050187193
-0.02177072
-0.073539175
0.04477817
0.11706697
0.1932673
0.071393356
0.08472786
0.09250286
0.10756716
0.112322375
0.078176074
0.13786252
0.1095537
0.005467316
0.05710415
0.059567254
0.0790006
-0.024980903
0.07832183
0.15349288
0.02747307
0.06568645
-0.039516255
-0.06651029
0.0055360226
-0.024775887
-0.08401818
-0.152685
-0.17628716
-0.05405334
-0.027220367
0.04095354
0.12096482
0.05400844
0.01969479
0.019185027
0.034252785
0.08493501
0.15316455
0.14195162
0.098778054
0.042483106
0.06884008
0.0060900836
0.029097985
-0.060931824
-0.08084433
-0.0038401128
0.14281148
-0.08854162
-0.019247903
-0.05830138
0.028086273
0.024872866
-0.075414784
-0.11806915
-0.022584863
0.026384262
-0.01599815
-0.013730352
0.1252635
0.118269175
0.09009414
0.1179209
0.11210987
0.12819815
0.1104416
0.079997025
0.093853496
0.05862779
0.023008708
-0.0017069054
-0.017445125
0.021294326
-0.06378998
0.08475575
0.20001447
0.082093716
0.04834681
0.0730138
0.019367378
-0.0076522585
-0.0930019
-0.10413633
-0.08963841
0.03995904
0.012141436
-0.07938666
0.14961347
0.093410894
0.08870636
0.08994174
0.14578748
0.1230601
0.053054098
-0.06436927
-0.0009780682
0.048405945
0.037841745
0.020256994
0.055985194
-0.01795873
0.08893098
0.14859603
0.1690603
0.0027349428
0.14353637
0.07181237
-0.016356314
-0.046655785
-0.05589141
-0.06833007
-0.019560305
-0.001089166
-0.0261537
-0.10374621
0.023167823
0.013077699
0.07451327
0.0556661
0.071867846
0.10233152
0.022801738
-0.0061422368
-0.07307544
0.02650816
0.06290131
0.08516281
0.03708644
0.045282677
0.1716947
0.13425897
-0.03312499
0.040572345
0.10588156
0.033381227
0.019716153
-0.010887316
-0.22213131
-0.17173569
-0.023424065
-0.00025933556
-0.07206536
-0.0656466
0.06061756
-0.026764486
0.0629022
0.1038251
0.098712265
0.08025659
0.033222683
-0.054906327
-0.003717506
0.010232437
-0.050137714
-0.008067851
0.030867103
0.03142556
0.067281745
0.088531315
-0.16440292
-0.026633231
0.07172272
0.022779783
0.008113684
-0.07235096
-0.22852345
-0.04591147
-0.02635479
0.009730124
-0.037554435
0.06992578
0.12726828
-0.015666142
0.09619476
0.15712696
0.13484104
-0.0008187357
-0.013707472
0.024350109
0.0109024
0.016126787
0.021165406
0.029347982
0.05731903
0.061092068
0.012676476
0.013044198
-0.12774415
-0.054474533
0.030158222
0.042288262
-0.030779151
-0.17457695
-0.09682147
0.004757267
0.0343191
0.04925621
-0.020000046
0.013671612
-0.012921144
0.007980849
0.130846
0.11685436
0.14972942
0.058221977
0.03154109
0.05168498
0.028135795
0.04560631
0.07928712
0.040303838
-0.0019076387
0.08681618
0.051024415
0.035853054
-0.07683196
-0.04935112
-0.008612633
0.0521245
0.00847665
-0.04758827
-0.08825465
0.009206134
0.06586688
0.051786598
-0.006777048
0.029735805
-0.033824623
0.08563965
0.115433194
0.12598936
0.064158596
0.06885676
0.063949175
0.076557785
0.083351634
0.08672045
0.11370484
0.072885506
0.044021618
0.07590024
0.043891005
-0.028510174
-0.16301544
-0.04309931
0.020009423
0.01914943
0.017604576
0.015474177
-0.047692694
0.043110408
0.060507674
0.012368887
0.007076986
0.029146515
0.029847613
0.06712092
0.08624421
0.14625487
0.02871716
0.03892895
0.052637357
0.07647641
0.084316306
0.10035885
0.08720333
0.050291702
0.031845566
0.061732024
0.03836465
-0.038618654
-0.10482693
-0.11889266
0.01413041
0.018898144
0.061375335
-0.055557642
0.051580127
0.06491963
0.07568832
0.10656509
0.033462487
0.05575809
0.09549618
0.06145181
0.088766135
0.093221195
0.046184678
0.0825417
0.073670164
0.09323215
0.08215394
0.048389696
0.04897969
0.042345013
0.06824311
0.015529069
0.010361785
-0.017531032
-0.03327855
0.05441777
0.11367695
0.1707938
0.14111872
0.0699142
0.062076062
0.029766945
-0.041286953
-0.0659078
-0.014313382
-0.001739294
0.014147429
0.033351593
0.04221861
0.08015574
0.07940309
0.025270194
0.010403889
0.061478518
0.06273013
0.102904886
0.058115866
0.04802205
0.039730534
0.027383879
-0.03478023
0.0025395213
0.08273668
0.07781862
0.15255883
0.18774872
0.2115299
0.14916998
0.12702745
0.054480694
-0.048906744
-0.07238698
-0.06440637
0.05899306
0.031725362
0.024225967
0.0894264
0.0858719
0.087219305
0.05573473
0.020396216
0.07325479
0.09774674
0.04635683
0.01816725
0.0034674723
-0.016090792
-0.037814703
-0.042645115
0.025319055
0.19401024
-0.021887455
0.08424082
0.2423563
0.2300046
0.19323598
0.030739434
-0.0033755156
-0.056878302
-0.04124823
0.016921213
0.030170368
0.061583467
0.012897401
0.07262877
0.11285942
0.006126426
0.02559956
0.030208694
0.05036475
0.032580137
0.020184701
0.033902273
0.05924563
-0.025197256
0.008285193
0.031338397
-0.036174733
0.25333577
-0.006440386
0.025089173
0.15596229
0.22587413
0.120197125
0.010866202
-0.08673527
-0.09116229
-0.023436572
-0.025845708
-0.025569735
-0.016010365
-0.00029122818
0.087291874
0.06778377
0.033282433
-0.007916017
0.040175866
0.046756566
0.0435447
0.057222635
0.031943977
0.011565435
0.03633136
-0.0039527933
-0.0057915417
0.034530096
0.12291596
-3.8694277e-05
0.109334745
0.1799799
0.11998135
0.0017909374
-0.07092368
-0.077889405
-0.08911802
-0.01513128
0.028701141
0.029505266
0.06006645
0.034221422
0.018988367
0.018270763
0.027441643
0.02173897
0.058625314
0.033442143
0.0392674
0.043620687
0.06229235
0.014628106
0.09147627
0.0006524723
0.032135297
0.06460309
-0.048775386
-0.14588273
0.094410464
0.2120087
0.19435528
0.096855305
0.034401342
-0.071713135
0.0063537634
0.03479337
0.045552313
0.056133207
0.037558522
0.06769504
0.026835334
-0.041783717
-0.06677579
-0.022312332
0.016510438
-0.0017414414
0.09699244
0.078988716
0.05741437
0.0073248735
0.05188658
0.022337139
0.063991785
0.031572632
-0.12307475
-0.110553384
0.07955943
0.09197535
0.10765148
0.045223627
-0.0004919934
-0.0147452615
-0.003085863
0.02056304
0.082247995
0.10477866
0.12759545
0.070491485
0.08344301
0.065942325
0.0015413566
0.005397205
0.079639986
0.0649179
0.12672648
0.20516172
0.13314132
0.08912525
0.08020718
0.046988677
0.050612062
0.065786734
-0.06141135
-0.06214252
0.03361196
0.07185947
0.03723011
0.0050937533
-0.0055718548
-0.05274147
-0.060099594
0.04931916
0.039452408
0.050597716
0.11241557
0.08289708
0.040201515
0.07038274
0.01011675
-0.03444637
0.0018326051
-0.03469762
0.02532115
0.14800394
0.12856491
0.08775517
0.047166236
0.07991836
0.08854183
0.13202561
0.047014393
-0.05499327
-0.042159427
0.013540691
0.035268415
0.039990053
-0.06599368
-0.05855623
-0.040296853
-0.0056535625
0.017015906
0.030917967
0.07960261
0.06595427
0.0040463065
0.013051587
0.013750931
0.007633346
-0.02716957
-0.035193726
-0.01419022
0.09845652
0.042025678
0.072642796
0.09786349
0.02261585
0.06751156
0.051457807
0.06790846
-0.017766982
-0.012245364
0.083663896
0.06025681
-0.011951844
-0.017960858
-0.034570444
-0.05546285
-0.053201985
0.02693686
0.006017174
0.04760176
0.009294649
0.1064614
0.08549709
0.0090792095
0.0734807
0.012273872
-0.03637065
0.012496285
0.07199165
0.08216972
0.011055283
0.056792516
-0.014607174
-0.06850415
-0.03069893
-0.0069759814
0.108647235
0.074451104
0.086205944
0.06996397
0.03679276
0.03083917
0.018713137
0.007958658
-0.026317801
0.06636442
0.03639028
0.055402447
0.086845644
0.10502161
0.0496137
0.15666951
0.1015308
0.0528453
0.001828057
0.04668527
-0.002428007
-0.097636014
-0.048316233
0.029653775
-0.022777554
-0.07438579
0.03463022
0.09551057
-0.018458875
0.04710937
0.038556863
0.020842012
0.06411063
0.041341957
0.04621601
0.04990593
-0.008087327
-0.00013591973
0.014463408
0.023145273
0.034101285
0.022267647
0.1516441
0.14470717
0.12381307
0.027721701
0.085494384
0.031760328
0.009397958
0.017467186
-0.0026623358
-0.025166942
0.007298536
0.030655619
0.044281557
0.14484112
0.0996934
0.059736714
0.040154062
-0.0077744047
0.0040701977
0.028775766
0.0017309036
0.07793594
0.062716946
0.0801785
0.069886066
0.07156891
0.004023648
0.014618911
0.17221937
0.024215225
-0.024815133
-0.0065114265
-0.008977188
-0.052678797
-0.11285776
-0.04805152
-0.042439338
-0.028453497
-0.009063877
-0.001719744
0.10737987
0.10840441
0.012524749
0.1366221
-0.03259938
-0.056078516
-0.08170396
-0.035481054
-0.07472995
0.050123904
-0.0042149047
0.07195063
0.11950258
0.115070835
0.061075624
0.10375633
0.16176312
-0.07380804
-0.10929164
-0.13527507
-0.021161858
-0.07864456
-0.0877744
-0.059568286
-0.085250475
0.08688297
0.05744118
0.06659799
0.11583325
0.04152955
-0.046217635
0.20271532
0.0992498
0.20580837
0.40191627
0.25621286
0.1294767
0.027975986
0.106397524
-0.030016216
0.13932842
0.16514261
-0.016399669
-0.17855333
-0.11580649
-0.08482123
-0.054555673
0.16528529
0.23429364
0.1639366
0.079140335
0.18499033
0.45416847
0.39659488
0.06626222
0.10071549
0.025140848
0.016209306
0.021680055
0.16623369
0.12042772
-0.03527666
0.23606731
0.12977038
0.036302358
0.010095493
-0.030720053
-0.070348956
0.014099274
0.037329007
0.09526606
-0.007700522
-0.064582646
-0.030970631
0.028710911
-0.0064630182
0.006931395
0.12322528
0.18386452
0.123240285
0.2977533
0.259274
0.18323088
0.26003408
0.17810173
0.25134194
-0.081853084
0.02770274
-0.042613693
0.06888563
0.09158196
-0.099198125
-0.08355396
-0.0807901
-0.020458395
-0.10843378
0.030452814
-0.030634042
0.007385774
0.019784302
0.17748116
0.10316321
0.065012924
0.025581649
0.15582734
0.16838588
0.18497011
0.2007095
0.23914818
0.21868281
0.074341714
0.14594878
0.15411714
0.27642322
-0.13580477
-0.02432405
-0.031383403
0.100801535
0.0048459154
-0.055320818
-0.108686745
-0.042152885
-0.0540653
-0.055268433
0.06628972
0.0018932347
0.04491755
0.09757963
0.2428317
0.13434026
0.11069876
0.14530906
0.2664418
0.22678876
0.17050245
0.22654651
0.2761258
0.4080564
0.26229122
0.129077
0.24533896
0.16578385
0.15597497
0.06484881
0.27765766
0.17537746
0.017816763
-0.011658004
0.04531383
0.08685881
0.05254656
-0.07305354
-0.011945993
0.029571338
0.111128934
0.13692974
0.29663542
0.14602822
0.15441927
0.16424546
0.23674788
0.28034428
0.32481354
0.30411127
0.29633233
0.4124668
0.40880007
0.35342485
0.15955524
0.27134618
0.103540614
-0.080619246
0.2455985
0.1223953
-0.02453279
-0.012822047
0.09570807
0.13004586
0.027292572
0.06389258
0.09107423
0.25587863
0.18847099
0.293307
0.23870875
0.23633952
0.19446185
0.25249115
0.26293668
0.06909003
0.1028829
0.111723885
0.17430854
0.46797147
0.50242925
0.33571485
0.16317202
0.090551764
0.20055823
0.039439835
0.19378257
0.15210947
-0.13414088
0.03764223
0.055630263
0.019315843
0.07124716
0.025610916
-0.037663735
0.15474309
0.16108222
0.18027255
0.16006127
0.1493062
0.21266411
0.2365453
0.23188916
0.17989212
0.06990185
0.051456597
0.13453496
0.33936143
0.27328768
0.28013387
0.1709498
0.08667483
0.14489362
0.059800178
0.12592433
0.10262491
0.025355453
-0.0016891523
0.11042605
0.05549984
0.05484366
0.0027346176
-0.043461375
0.061288845
0.0075520077
0.0673223
0.06291834
0.054097492
0.16728704
0.14379358
0.1595101
0.27433082
0.13604522
0.04975028
0.06336589
0.06058564
0.21350604
0.38063133
0.12841775
-0.0325906
0.17946146
0.10272785
0.25612894
0.09675825
0.038651094
0.07301389
0.027924592
0.0013676734
-0.07583635
-0.104932025
0.031302355
0.11564164
0.12763557
0.121502936
0.12238779
0.16532713
0.123807386
0.17402676
0.040833697
0.09671321
-0.020222163
-0.13360669
0.021344079
0.06548852
0.20473686
0.20257625
0.23543483
0.00950252
0.083305605
0.07546221
0.107543044
-0.032153107
-0.07873799
0.0011578245
-0.030526405
-0.16511327
-0.19602218
-0.16623013
-0.15656394
0.075861216
-0.05035907
0.16169415
0.13676254
0.09841734
0.089548625
0.2392272
0.12571198
0.09937057
0.039642088
-0.05074111
0.005702058
0.10693297
0.15675884
0.11957843
0.2712486
0.32509705
0.075023904
-0.07150106
-0.19756973
-0.16765723
-0.34099802
-0.18341574
-0.1880566
-0.10422161
-0.14443402
-0.079643086
-0.03670946
0.07254229
0.06919818
0.11571045
0.121227905
0.19096003
-0.00892286
0.028736228
0.09708231
0.11316331
0.05126174
-0.009405582
0.1329627
0.15962517
0.0722304
0.106539614
0.23142627
0.23227169
-0.173841
-0.30751985
-0.15598051
-0.17881349
-0.29442134
-0.29500848
-0.3619161
-0.15642448
-0.030171188
0.012052438
0.115320034
0.17486371
0.16912341
0.17593595
0.10452833
0.10015664
0.01376056
0.026974233
0.0019064035
-0.10029108
-0.09682443
-0.02306995
0.07110455
-0.053307243
-9.337841e-06
0.01456063
0.19667827
0.32046837
-0.25596476
-0.16597964
-0.06314385
-0.17111516
-0.34621838
-0.26958004
-0.28336155
-0.07428583
0.05240705
0.15538952
0.10110386
0.100900754
0.2271177
0.16300717
