4096
0.0034970453
0.09524678
0.021539187
0.09288072
-0.00016985323
-0.014076462
0.010574349
0.017788399
0.04621643
-0.08566414
0.011549779
0.04779688
0.045018945
0.001359246
0.15296073
0.014715444
-0.022138502
-0.029687218
0.06768032
-0.003993399
0.012299037
-0.05974416
0.0074314135
0.093765326
-0.004066396
0.034834124
0.03588999
0.0508953
0.21300846
-0.036034368
0.1820874
-0.20860615
0.039788228
0.05691065
-0.50728035
0.17311311
0.014679922
0.018410778
-0.017743247
0.010316154
0.028242623
0.011173724
0.009767718
0.018627362
0.02479348
-0.020845462
-0.010641937
-0.08526813
-0.0069481726
0.00075428496
0.024059212
-0.00650979
0.114186175
0.07878405
0.033857476
0.042651217
0.15785305
-0.0100060925
0.03882765
-0.0037746998
-0.79641944
0.015416074
-0.02368674
0.057580672
-0.010935009
0.08648964
-0.015058321
0.023134995
-0.033118185
0.0024989503
-0.04394649
0.015059962
0.09084207
0.017316736
-0.056370355
0.029043214
-0.06427673
0.3311302
-0.11612494
0.034310915
0.008755529
0.004405772
0.01577002
0.003354506
0.047887146
0.046894215
-0.005397706
0.007497269
0.04452348
-0.05041889
-0.10248891
0.13838173
0.024765098
0.25111958
-0.1379094
0.04154599
-0.012220028
0.0021755819
-0.03585453
0.06409758
-0.003888142
0.01671258
0.020068137
-0.041152496
-0.03980357
-0.043654677
-0.00636879
0.063007966
-0.0066671665
0.06037105
-0.045486532
-0.020061046
-0.0063277897
0.022209557
-0.019277124
0.09885768
0.23671825
0.053881638
-0.0037436208
-0.06264454
-0.10275134
0.11017325
0.0064373477
0.019693147
-0.065684624
0.004441277
0.021474073
0.0028127667
0.11411159
0.020698663
0.023428474
-0.049337283
0.025069535
0.0037314235
-0.014886184
-0.040062953
-0.011442405
0.04981174
0.1739604
-0.038518474
0.0414806
-0.19265535
-0.035540108
-0.041721985
-0.09131644
0.037193615
0.01840827
-0.014066022
0.053559896
-0.014265348
0.028675169
0.0030921896
0.03022408
0.035669588
0.0034337873
0.039531324
0.0015782624
-0.13258384
0.018246446
0.1700708
-0.006011089
0.05931782
0.12433541
-0.049129937
-0.019032083
-0.0018412981
-0.034006577
-0.03816506
-0.003457968
0.075066224
0.012770615
-0.014896581
-0.052046392
-0.0049679996
0.09782813
-0.07075044
-0.0031062453
-0.035136696
0.037137143
-0.029030122
-0.001920655
-0.013888734
0.009248382
0.041068505
-0.035570975
-0.0003003945
0.023590902
0.02249611
-0.0011966829
-0.029982932
-0.0507575
0.012092494
0.019272175
-0.04733036
-0.05242242
-0.023400841
-0.16057846
-0.13621725
0.01525833
0.12121603
0.023085076
0.003449796
-0.024399126
0.05234816
-0.046653222
0.18871413
0.03321259
0.22250235
0.029724253
-0.19579363
-0.019017437
-0.004877102
0.015738523
0.03257456
0.013518456
-0.040385485
0.038167734
0.0079787215
0.0052869567
-0.07763049
0.040416274
-0.20320226
0.016472938
0.03990892
0.036445946
0.09847953
0.04863932
-0.11920436
0.0033339246
0.053725027
0.06319164
0.06273738
0.044403784
-0.007232182
-0.02621464
0.08986077
0.04543218
-0.029693265
-0.03482167
0.053986955
0.05039677
0.079001084
-0.18457507
-0.011889745
0.14374319
0.03769541
-0.14950863
0.02364223
0.023048533
0.03890314
0.06692184
0.027281092
0.063539416
0.026047474
0.038352508
-0.0036188331
0.02785631
0.06915225
-0.007252997
0.01792909
-0.096676
0.120675266
-0.08503021
-0.01719355
-0.050310742
0.28741866
0.036985364
0.025773715
0.035257
-0.031348642
-0.26033187
0.12681295
-0.009839339
0.028333513
-0.018566733
0.09540023
0.02180796
-0.04597221
0.057758395
0.09805706
-0.014962919
-0.02245619
0.070266016
-0.032184064
-0.001258357
0.02604797
0.012210852
-0.020506179
0.07914178
0.044414114
-0.111615926
-0.026782382
-0.021697434
-0.016874317
0.06787412
-0.47836202
0.07334132
0.13889545
-0.006434954
0.040046208
-0.0315363
0.16084227
0.0017892133
-0.019096201
-0.10354997
-0.029153885
-0.008014964
0.04816091
-0.012877922
-0.021670248
-0.0062978603
0.098107144
0.062084377
0.054832816
0.012224471
0.06130838
0.016551599
0.13339263
0.041316323
0.014837937
-0.06351547
-0.33053905
0.0010225169
0.14843877
0.15388772
-0.0210582
0.015978273
-0.030841084
-0.08531343
-0.0062307394
0.008118641
-0.042133242
-0.03528872
0.03900926
0.06351734
-0.17020649
0.058516435
-0.031804606
0.08167857
0.103859164
-0.07059745
0.05012267
-0.009304054
0.08177732
-0.021134123
-0.17299351
0.005687001
0.06410987
-0.102815
-0.02063469
-0.038092203
0.044541214
0.066011354
-0.09774876
-0.004521412
-0.03762613
0.017327525
0.056838885
0.115269795
0.025525125
0.031674206
0.045707006
-0.04289987
-0.028125877
0.013482753
0.003457138
-0.018326622
-0.004516102
-0.060844917
-0.006499369
0.016147995
0.014030008
0.013141528
-0.051549565
0.051765192
-0.073125765
-0.01601191
0.1257134
-0.02617303
-0.012699043
0.06478382
0.030823689
-0.0779854
0.052793767
-0.017744636
0.031867746
0.025387548
0.034703564
-0.054033965
-0.024974966
-0.040416773
0.0489691
0.072831795
0.16369201
0.15660354
0.06968696
0.012076088
0.067342296
-0.028592572
-0.01874586
-0.008429071
-0.005649617
-0.062365342
0.030633742
-0.0024827288
-0.04416693
-0.09694525
0.034817655
-0.03995719
0.000951137
-0.08569357
0.18291366
0.088547714
0.07094085
-0.022861913
-0.028335555
0.0228562
0.014171334
-0.014074278
-0.005098822
0.07039079
0.0065724086
0.0029351276
-0.08287349
0.09249356
-0.035610054
-0.00541366
0.053870134
-0.0040143053
-0.016346516
-0.015453483
-0.019868767
-0.0070010396
0.07293352
-0.027395267
0.067367956
0.12956795
-0.013680019
-0.017901937
0.11091677
0.08273524
-0.0639041
-0.005240051
0.075599924
0.073652506
0.12770236
0.012650442
0.05094864
-0.015477201
-0.028514722
-0.08446791
-0.08079888
0.033603117
0.1284112
-0.11579871
0.0055217817
0.08628397
0.039228786
0.0036095537
0.06872353
-0.030062726
0.06636923
0.033525597
0.031796183
0.029852761
-0.009430771
0.16456598
-0.092001446
-0.031841807
0.11523366
-0.029484067
-0.05219197
0.07486882
-0.018626254
-0.04442263
0.102120556
-0.00045866062
0.008631554
0.019137926
-0.030716455
-0.00914229
-0.046156887
0.010788474
0.02313182
-0.038948372
-0.067437805
-0.047242716
-0.02046887
0.011809873
0.009959968
0.07869372
-0.10975752
-0.009784729
0.06340285
-0.005046339
0.22649698
-0.030361155
0.0061751013
-0.025826007
0.1867572
0.19174737
-0.07030062
0.0022997214
-0.6916463
0.04751815
-0.025336377
-0.013012223
0.11069616
-0.016630348
0.102178745
-0.0230199
0.029867098
0.109270714
-0.14287214
0.015198041
-0.04271863
0.12796076
0.059642695
-0.03724586
0.05492072
-0.012564773
0.06143808
0.05143012
-0.03026667
-0.02646978
-0.005299631
0.013792815
-0.016834624
-0.03476079
0.021240048
-0.08486613
0.0014872957
0.05460843
0.093132794
-0.1273447
0.039901935
0.057797115
-0.0019455877
-0.2840371
0.015450131
0.159236
0.11310615
-0.013760607
-0.08224208
0.08547467
0.027223822
-0.036594216
-0.008323698
-0.021450534
-0.0009510428
-0.014402131
0.009626296
0.33793747
0.05042317
-0.021378156
0.05466448
-0.13036846
-0.0071561104
-0.15762623
-0.012573713
-0.041440167
0.0123705035
-0.054098796
0.0031897235
0.0638742
-0.21402292
-0.06013352
0.05800981
-0.031732265
-0.0026373733
-0.020102182
0.040678002
0.03612687
0.009259634
0.04678444
0.060991567
-0.00066523533
0.109948866
0.10400513
-0.00031431616
-0.036928114
-0.045422804
-0.021439126
0.31965762
-0.041954394
0.088406146
0.23013258
-0.015000845
-0.027769005
0.037007894
-0.019049743
-0.097160645
0.06109833
0.0032016833
0.027386209
0.084655724
0.0061618346
-0.058660455
0.0053580827
-0.010393949
-0.025111627
-0.028299239
-0.07008708
-0.002540015
-0.021365449
0.014359237
-0.018042848
0.019797262
-0.2748741
-0.076639794
0.045180812
-0.0053606303
-0.011047904
-0.015294266
0.13435535
0.012242201
0.008863355
-0.0039704293
0.026042486
0.08008715
-0.04851284
-0.014829461
-0.015652284
0.035410754
0.01951272
-0.010804501
-0.12073741
0.1933415
0.07423275
0.008660241
0.00664049
-0.0023250193
0.00088741037
-0.02858744
0.013091667
0.004531288
-0.035970703
0.07902795
0.034918666
0.012515437
-0.069925055
0.049675785
-0.055963777
0.002035057
0.008070001
0.2332241
-0.023632891
0.12174614
-0.026854407
0.0070775696
0.034085702
-0.0001543924
0.054029267
0.016521264
-0.034028463
0.0038523474
0.019886483
-0.046361085
0.025114778
-0.002499113
-0.2265312
-0.100676216
0.020880869
-0.016881311
-0.035009872
-0.036974665
0.039499182
-0.05371984
-0.0066441637
0.08300065
0.016422004
-0.00058438117
0.021994453
0.17893772
0.0083884895
-0.062934585
0.04140724
0.00046973806
0.040527035
-0.018549949
-0.052855667
0.063819475
-0.026851356
-0.039794497
0.022291899
-0.71070665
0.1795501
0.023094753
-0.017397907
0.11231788
0.014899983
-0.24821512
0.014943673
-0.08083353
0.002005146
0.013922373
0.03966691
0.076503195
0.0699112
-0.0019659724
0.10576902
-0.016751476
-0.03836296
-0.01955302
0.06230704
0.025752768
-0.062043555
-0.033319056
0.033145282
-0.16052486
0.38711855
-0.027632415
-0.0011998994
0.015559456
-0.029075922
0.15412864
0.0052206954
0.02840437
0.010614684
0.024314957
0.04490798
0.080050565
0.026648702
0.0119298985
0.020360576
0.011636345
-0.023637407
-0.014044946
-0.00029192484
0.0128234625
-0.0038752616
0.016004764
0.10553935
-0.028671103
-0.0066839955
0.06390317
0.3361921
0.029394185
0.011458256
0.034467462
0.0013553079
0.03076598
0.20057517
0.043526612
0.02481996
-0.01164713
0.04924284
-0.090302534
-0.04315388
0.0019274375
0.05380596
0.0074003963
0.029144028
0.07363455
-0.018499453
0.23997416
-0.0043737474
-0.03268047
0.0730551
0.178041
0.024525894
-0.031397633
0.023468595
-0.021142842
-0.002701702
-0.08739092
0.055639718
0.024447614
0.07657727
-0.000108121734
0.12461059
0.023512507
-0.027551742
0.01660897
-0.025108999
-0.036892686
0.04054749
-0.027926616
0.03910962
-0.03854026
0.035066966
0.031134436
-0.06251352
0.042379897
0.05279651
-0.01575976
-0.058306247
0.010937049
0.0214584
0.14914583
-0.22250973
0.0073339706
-0.008036215
0.029927488
-0.017258149
0.06087179
-0.06294815
0.0006474818
-9.02465e-05
0.03558962
0.14420564
0.07938968
-0.0050988393
-0.0027783555
0.0035709345
-0.007980455
0.073063515
0.026420409
0.109194346
-0.01617762
0.19989899
-0.037847083
-0.012669429
-0.115635864
0.019321682
-0.017492222
-0.1023506
-0.029372681
0.007333628
0.056381032
0.04137056
-0.05059242
0.06057303
0.037089154
0.01663377
0.020049829
0.0874116
-0.0038679568
0.01900113
-0.08909973
-0.036670614
0.039852537
0.02856416
0.08928532
-0.002192996
-0.06070276
0.018627316
-0.033788487
-0.010550998
-0.05330312
0.02606407
0.003402779
0.026469175
-0.008087164
0.10032817
0.02434982
0.008437395
0.008935624
0.093201466
0.042835794
0.0130855255
-0.07847789
-0.038440533
0.020337928
0.03373342
0.10734456
0.039285406
0.06866764
0.015538954
0.0546387
0.035595834
0.025095252
-0.020028532
0.12163372
0.07794218
0.25211838
-0.057511367
0.011965043
-0.11762309
0.024080861
0.042122703
-0.03451272
0.001132932
0.16596808
0.09314387
-0.062746845
0.0031822566
-0.04341154
0.023661437
0.043042284
-0.017131133
-0.02864593
0.11660013
-0.03212281
-0.0050639147
0.07529533
0.16376321
-0.015162023
-0.02337842
-0.028372357
0.038497448
0.10699353
-0.06143151
0.0041709435
0.00011700016
0.08593557
0.00025822088
-0.015524718
-0.015849998
0.0936879
-0.039153356
0.021331592
-0.037029177
0.14826334
-0.053589888
0.010125337
-0.033936236
0.07298386
-0.71489114
0.10233975
-0.014271641
-0.03247302
0.029359147
0.039719686
0.027179208
0.019139329
-0.0047688624
-0.094741195
0.09732075
0.019314434
0.10688564
0.033006378
0.03686134
0.11536514
0.06210705
-0.07316167
0.010151153
0.110524245
0.066990934
0.015329211
-0.05947359
-0.062901646
0.0352679
0.034385063
-0.15794933
0.013674393
0.14920427
-0.0075719496
0.03304967
-0.035358142
-0.007090664
0.008527522
0.24861398
-0.016118975
0.07714882
-0.03798655
-0.022014016
0.1458535
0.0011862225
-0.016867561
0.021936374
0.015227134
0.073449224
-0.01713911
0.02939217
-0.029348053
0.080615096
-0.026193013
0.018624222
-0.49494976
-0.029230723
-0.014085912
0.16872571
0.004390812
0.01718988
0.101378515
-0.01582422
0.037878454
0.0049980823
0.029413203
0.024723303
-0.17193323
0.10075631
-0.02626209
0.06144914
-0.0008348558
0.04870919
-0.17762047
-0.13620444
0.059995387
-0.0035591065
0.10124149
0.02478598
0.021821361
0.07779252
0.06775806
0.12811694
0.051496275
0.058052935
0.034463532
-0.006545765
-0.044174153
0.0055416203
-0.01371183
0.10416384
-0.0045507755
-0.03494643
0.11295447
-0.16236842
0.23045859
-0.06507211
-0.004554777
-0.07369092
-0.00921051
-0.040380202
-0.029233813
-0.01964265
-0.022243734
-0.024466753
-0.027965484
0.005936028
-0.032117702
0.022183368
0.1382592
-0.0009871436
-0.016900813
-0.03430579
-0.26656008
-0.025443735
0.039676208
0.012229169
0.05220694
0.03197514
-0.28215268
0.019994663
-0.07431297
-0.01146705
-0.033173226
-0.08838646
-0.041691337
-0.030171243
-0.03795562
-0.14238791
-0.026887212
0.0015199537
-0.17038482
-0.022415394
-0.023207478
-0.0479456
0.00013581288
-0.028173989
-0.027424807
0.0066710045
0.019447718
-0.02128699
0.0045379885
-0.008727765
-0.016976425
-0.031788446
0.033344902
-0.020593127
0.014663377
-0.06477734
-0.013427994
-0.0001450955
-0.0077431127
-0.0010450771
-0.002752036
-0.089492545
-0.008906242
-0.0438568
0.0008812408
0.03184014
0.008717845
-0.03643291
0.012330764
-0.019811612
-0.0435186
-0.048735347
-0.053795833
-0.08220761
-0.009654224
0.06260574
-0.02021769
-0.022886215
0.009431368
-0.0036012093
-0.01267685
0.00047007675
0.017880298
-0.088932924
-0.028441753
0.039153446
0.014921947
-0.23835826
0.010081683
-0.041998252
-0.023026856
-0.04016463
0.08286814
0.013252754
-0.034611035
0.0010949399
0.011945718
0.005554697
-0.021091336
-0.015738348
-0.01581891
-0.061982304
-0.04248467
-0.07485167
0.0020577996
0.0017125407
-0.025311392
-0.024135318
-0.03132858
-0.030830937
-0.02162614
0.020220475
0.0038627374
-0.010029152
0.015096497
-0.016240874
-0.030290395
0.060897026
0.008922579
-0.043819863
-0.06778522
0.07148087
-0.059801966
-0.015418781
-0.023507569
0.003990583
-0.19112684
-0.020065501
-0.0004339319
0.009906091
-0.03101096
-0.055144925
-0.00086682255
-0.020911997
0.01480236
-0.032632735
-0.008374853
0.033220895
0.04967016
0.048404153
-0.036498252
0.011656643
-0.029782137
-0.052908752
-0.041896828
0.017270664
-0.0022571827
-0.22897685
-0.016641093
0.011789754
-0.038023084
0.046067458
0.014553307
0.045245524
-0.0212733
-0.056037903
-0.0010223179
-0.06144702
-0.006386835
-0.09501315
0.0005682081
-0.032917615
0.006934776
-0.01822045
0.006923768
-0.08968899
-0.010391068
-0.028507203
-0.48855668
-0.0077946354
-0.05425154
0.040833123
-0.030154549
-0.01546325
-0.00059202826
-0.049659565
-0.08157832
-0.018511603
0.0064236396
-0.05422877
-0.057545133
-0.016527856
0.0044357316
0.0035316865
0.0841306
-0.019131538
-0.023700627
0.018708043
0.0069173235
-0.059955347
-0.035976302
0.0010690084
-0.009911877
0.0044518267
-0.035561386
0.029125575
-0.063300334
0.04090918
-0.04195184
-0.1501705
-0.040760987
0.002235702
0.04866607
-0.022554401
-0.014004775
-0.011124624
0.0025272407
-0.005210667
0.031985305
-0.012596027
-0.040338304
-0.08727138
-0.025111677
-0.024626998
0.05114421
0.017317744
-0.029584842
-0.06592542
-0.038044725
-0.040551748
-0.017689995
0.016873695
-0.06018225
0.14674045
0.110392705
0.05934861
-0.070101365
-0.04038057
0.015538849
0.0059253643
-0.044424787
-0.037976254
-0.067405716
-0.002871769
-0.32632577
-0.028974107
0.020809378
-0.01844672
-0.001179928
-0.036673874
-0.003027364
-0.019606177
0.013008511
0.001887748
-0.12010087
0.0015779936
-0.02312616
0.032479804
0.025397195
-0.03929127
-0.02507331
-0.025596103
-0.19331391
0.019574828
-0.05105714
-0.02276457
0.002865716
0.08279947
-0.0055515002
0.030385025
0.018717382
-0.0010805055
0.013376492
-0.028163219
0.00076356187
-0.0010446238
0.0018062824
-0.19885835
-0.029950889
0.09696043
-2.0969968e-05
-0.043934543
-0.006063241
0.053564377
-0.00085939164
-0.05711491
-0.018512279
-0.03407702
-0.028947622
-0.006131487
-0.010258493
0.009681458
0.004160335
-0.025920227
0.047940124
-0.04412744
-0.031172227
-0.11454258
-0.0559054
0.014270981
-0.021905344
-0.035234824
-0.0066692643
-0.0013265023
-0.028738858
0.019113077
0.0038971547
0.26867792
0.047248926
-0.028868416
0.0053495574
-0.015394163
-0.040918168
-0.073769145
0.01637556
-0.03945198
-0.10534633
0.024932468
-0.058561184
-0.03917086
-0.050630026
0.01008741
-0.019191194
-0.1388669
-0.004922118
-0.10533933
0.08435169
-0.030729314
-0.02746707
-0.037642267
-0.035358373
0.056948032
0.008413777
-0.019834734
0.035381295
0.015211815
-0.035912994
0.03755001
-0.07561986
0.035383437
0.013140558
-0.34360227
-0.0597952
-0.030397393
-0.0076648635
-0.021219919
-0.05475617
-0.0041846293
0.004824889
-0.0018772928
-0.024309909
-0.0037169366
0.005582253
-0.05698345
0.038030613
-0.05308555
0.007672501
-0.013792537
-0.079984106
0.015533366
-0.04725103
-0.051147707
-0.08245624
-0.02134908
-0.056659237
0.0711705
-0.02390435
-0.019911237
-0.056058634
-0.05445962
-0.010606449
-0.02907826
-0.067870654
-0.11588489
-0.034352563
-0.10399066
-0.17118552
-0.44559115
-0.0815773
0.014448598
-0.074856676
0.009395376
0.017396497
0.038770355
-0.06436681
-0.009939946
-0.0004548104
-0.08036292
-0.012355948
-0.022737363
0.06854468
-0.02093635
-0.023504477
-0.015099699
-0.09880593
0.06258666
-0.030459467
-0.10915467
-0.023540044
0.039219264
-0.0061905086
-0.016767882
-0.033754203
-0.013296343
-0.052205246
0.026074355
-0.13467644
-0.02586129
-0.041202676
0.0015041908
-0.2321592
-0.04907093
0.040524486
-0.06900901
-0.17713784
0.025622796
-0.16202135
-0.051431518
-0.10118216
-0.042772893
0.036072463
-0.02943153
-0.003635829
-0.064122476
0.023439355
0.006656282
-0.023346595
-0.00016491361
-0.051746942
-0.02541228
-0.0097447205
-0.060416725
0.0006902772
-0.1083619
-0.009466324
-0.041340403
0.01164915
-0.027289722
-0.024811445
-0.035411444
-0.060338687
-0.041817453
0.020208802
-0.00403398
-0.09658725
-0.24744688
0.0031551747
-0.26501146
-0.11828106
-0.1422686
0.0025169353
0.044685546
0.0024078668
0.018527556
-0.03747945
-0.0075260615
-0.060250375
-0.010718101
0.03328705
-0.04018881
-0.011717349
-0.0199161
0.020309873
-0.048364725
0.011604877
-0.03478488
0.02052236
-0.03630314
0.14374681
-0.11390741
-0.010695922
-0.23451307
-0.041489117
-0.070958674
-0.0359225
-0.014412944
-0.07740472
-0.040439207
-0.010097369
-0.010639446
-0.022366447
-0.40289673
-0.02688732
-0.09138801
-0.04651043
-0.045963973
-0.19799162
0.02008597
-0.09080788
-0.034956943
-0.03974074
-0.022594102
0.038563773
-0.0064113126
0.024556978
0.025214814
-0.002796138
0.01625736
-0.0009637249
0.031227687
-0.028765975
0.0015450349
-0.023484604
-0.23150423
0.032089625
0.006928667
-0.040397633
-0.04312789
0.060922477
-0.004041438
-0.037656017
0.0057077655
-0.059620842
0.015115667
-0.043854255
-0.042935885
0.015808115
0.013834598
0.001915465
0.022646252
-0.024054052
-0.19714291
-0.04336347
-0.051269963
0.0058256183
-0.02966393
-0.03965891
0.0017664778
-0.024785621
0.007096485
-0.43728673
0.036829326
-0.1799344
0.022527622
-0.021273665
0.014061719
-0.1761452
-0.08709464
-0.04084062
-0.026094995
-0.268759
-0.040057864
-0.061831795
0.0199486
-0.36594942
-0.048478283
-0.052501265
-0.095116414
-0.035734933
-0.09779373
0.17737235
-0.06365393
-0.02727067
-0.11793651
-0.07827888
-0.037045643
-6.384665e-05
0.013312929
-0.028931253
-0.03101571
0.012623963
-0.04388023
-0.040873535
0.04469513
-0.04439956
0.01458509
-0.023531752
0.0023282699
8.07873e-05
-0.011618873
-0.10882978
0.035138477
0.001154549
-0.01535022
-0.012383426
0.021037776
-0.026025143
-0.08094643
-0.08849761
-0.01566514
-0.016364137
-0.080677584
-0.04592026
-0.04241982
-0.033460986
-0.013207189
-0.0071815625
-0.010621474
-0.07478229
-0.11286646
0.0022724234
0.03262753
-0.15380731
-0.093927994
-0.013923393
-0.049881943
-0.038747743
-0.0016590232
-0.022029681
-0.031451736
0.0112769455
0.016825408
-0.011752294
-0.018866457
-0.005578564
-0.04415323
-0.016733717
0.0008635156
0.00512732
-0.09523656
-0.07207154
-0.02444502
-0.031055458
-0.034673996
-0.090613134
-0.0009875994
-0.0003424479
0.023547722
0.010399326
0.012610094
0.039495748
0.0050095357
-0.19279572
-0.04561765
-0.08937715
-0.021570174
0.03424932
0.035462044
-0.0043305196
-0.030648895
-0.0030676546
-0.042955723
-0.021003941
0.021813752
0.00061415735
-0.0033449302
-0.09016461
-0.010896404
0.038183
-0.10696784
-0.02867123
0.002773759
0.035261218
-0.05865432
-0.04975252
-0.13380784
-0.06242433
-0.016660217
-0.01352334
-0.05657434
0.0138904145
-0.03472907
-0.021395694
-0.04901183
-0.013722858
0.0059195003
0.03317752
0.018007493
-0.039772775
0.030076362
-0.0352415
-0.010398794
-0.059177615
-0.11636333
-0.022219013
-0.020199282
-0.031663638
-0.15112159
-0.07449749
0.020407427
0.028132796
-0.025904452
-0.013120317
-0.017086202
-0.03599869
-0.023920072
-0.037012856
-0.056196373
-0.013349527
0.0005551445
0.008850573
-0.012292805
0.00039955304
-0.07237714
-0.022525335
-0.027166082
0.01676864
-0.01729985
-0.016538266
-0.034870703
-0.040762812
-0.0050645033
-0.0067589753
0.030297678
-0.07273547
0.00054635375
-0.051473632
-0.037938036
0.0014527385
0.0028580066
-0.018202499
-0.0368034
0.029696114
0.00080017955
-0.035824325
-0.017401204
-0.018621773
-0.029989172
-0.031019948
0.05158521
0.014415337
0.027592642
9.3843155e-05
-0.039430182
0.006417151
-0.030946447
0.00054130785
-0.007943453
-0.053638753
-0.0042974344
0.016150326
0.016760148
-0.019479152
-0.053834945
-0.012677485
-0.05571501
-0.031266015
-0.011496952
0.0016993263
-0.31445867
-0.017873615
-0.020340985
-0.27535555
-0.04622751
0.076066695
0.008327962
-0.009869407
-0.11102535
-0.017793134
-0.03593613
0.041271076
0.06162874
-0.024546849
-0.13803956
0.1267865
-0.0160083
-0.09210697
0.021957953
-0.039324563
-0.01943305
0.01460043
0.034886047
-0.044575725
0.021737676
-0.024734385
-0.015218838
-0.041332398
-0.018451732
-0.18172102
0.0024934008
-0.076229386
0.0063509555
-0.038750574
-0.017297661
0.00055255246
0.011071125
0.009924709
0.013948111
0.1929384
-0.056975227
0.0049448996
-0.05083974
-0.007380255
-0.10492167
-0.079104885
-0.052954108
0.011340574
-0.0027927607
-0.009940501
-0.1297364
-0.025974864
-0.026062055
-0.03599113
-0.034101762
-0.016080657
-0.008340986
-0.008754558
0.007168626
-0.012614605
-0.0011301273
0.007441588
-0.00758418
-0.1306539
0.015043917
-0.045527875
-0.11043672
-0.038471594
-0.014176524
-0.053278916
0.0041633397
-0.03763097
0.13614887
0.10051441
-0.0065391366
-0.069181494
-0.05716681
0.0029372484
-0.10856284
-0.021089124
0.00076095556
0.009867875
-0.04049089
-0.027563179
-0.037686333
0.033786252
-0.02528194
-0.015385351
-0.05444771
-0.0044953614
-0.03522772
-0.22202735
-0.06614692
-0.030363597
-0.036944255
-0.006244654
-0.031011159
0.041705564
-0.15504757
-0.042239282
-0.020127567
-0.011436455
0.013477669
0.010592086
0.020786412
0.004989186
-0.0094438335
-0.10865132
-0.012397516
0.014756059
0.036942948
-0.009700793
-0.013451151
-0.00087773445
-0.049429256
-0.022181824
-0.046825964
0.024809578
-0.123931356
0.028193211
-0.028481556
-0.045775816
-0.026767632
0.00981831
-0.08920217
0.0039795414
-0.01995318
-0.033361524
0.018820662
0.039313704
-0.016000032
-0.0042736214
0.0041957633
-0.04169269
-0.04733161
-0.07899749
-0.025554886
0.0007529677
-0.031046813
-0.021545986
-0.047705106
-0.04282724
0.036122896
-0.02466518
-0.017767137
-0.37070826
0.0014273992
-0.04234856
-0.04773288
-0.0018612661
0.019171968
-0.031279795
-0.039750133
-0.027669623
-0.0014708295
-0.07393428
-0.060166765
-0.018574093
-0.006327981
-0.11000472
-0.04756409
-0.01674109
-0.034216188
-0.07179971
-0.040867586
-0.01775278
-0.010380642
-0.057470504
-0.027671805
-0.07813369
-0.020982288
0.029176952
0.01076131
0.00847109
-0.03856347
-0.037584737
0.12407319
0.0422543
-0.06368159
-0.0056060865
0.09048817
-0.08219981
0.041117553
-0.22898212
-0.07369007
0.0057445588
0.018293802
-0.0037086345
-0.009648244
-0.031773668
-0.18951881
-0.051769126
-0.03711932
-0.057365708
-0.037382144
-0.0032713006
0.044299994
-0.06673639
-0.012671888
0.014418848
-0.05338319
-0.012513241
-0.015300558
-0.04338778
-0.02615756
0.019975668
-0.0014463961
-0.017245226
-0.03029585
-0.06798079
-0.041719995
-0.026124947
-0.049138255
-0.044007346
0.0015468677
-0.1547878
-0.03989215
-0.017180417
0.03658154
0.027023176
-0.05386574
-0.06136054
-0.013192034
-0.038826738
-0.0031559714
-0.04829257
-0.01319507
-0.04395702
-0.071774006
-0.0006180373
-0.08842195
-0.056823395
0.004558679
-0.030276144
-0.052322984
-0.051396184
-0.026895221
-0.041974854
-0.017318519
0.14973791
-0.016475098
-0.060560998
-0.20550995
-0.021142468
-0.08184915
0.004396557
-0.026325224
-0.064580485
-0.013086723
-0.038613025
-0.1224507
-0.034279022
0.033978287
-0.06138958
-0.062163442
0.024805771
0.011003616
0.024439989
-0.0273546
-0.029728947
-0.018939892
-0.036833547
-0.0376716
-0.018544337
-0.10731787
-0.026175974
0.009759227
-0.06899419
-0.029368237
-0.01520821
-0.16613622
-0.016050033
-0.032964382
-0.05559765
0.0021964936
-0.043260265
0.011103037
-0.040018793
-0.008741379
-0.038866363
-0.0032728184
-0.011768116
-0.056003384
0.025385238
0.06987532
0.014110588
-0.069529265
0.036153007
0.007992795
-0.08280697
-0.006348023
-0.007725289
-0.059410818
-0.06992936
-0.0010028792
-0.016048962
-0.07865426
-0.017897053
-0.039176118
-0.0074831583
-0.029877895
0.04214375
-0.05033865
-0.03437179
-0.043187886
-0.0822308
-0.098883495
-0.42467183
-0.014536319
0.14949262
-0.03756976
-0.2906397
-0.0070931357
0.035701588
-0.047246605
-0.011179285
-0.0020082865
0.034345772
-0.041290466
-0.015111288
-0.058965895
-0.06375547
-0.0047596446
-0.040067665
0.02421234
-0.050662987
-0.02925425
-0.057730332
-0.084841855
-0.024042407
-0.0747018
-0.03481481
0.04027075
0.01077979
-0.14827344
0.00973056
0.0041325553
-0.0010740706
0.07786287
-0.18517455
-0.1889746
0.0026665125
0.023027388
0.06279485
0.035401218
-0.0025759889
0.012621904
-0.035681106
0.14037594
0.03746951
-0.2499077
-0.030947473
-0.0076990956
-0.20844959
-0.16087677
-0.21128467
-0.07447066
-0.027767902
-0.036619164
-0.33310193
0.06339112
-0.03617937
-0.041681036
0.11742027
0.0075793862
-0.14108449
0.49621198
0.13398828
-0.061334953
-0.053840768
-0.20684017
-0.06520797
0.010181625
0.01646805
-0.012870515
0.22299886
0.017800175
-0.06946413
0.04662147
-0.05837909
-0.03596382
0.046521246
0.013565117
0.03526633
-0.021905085
0.0372435
-0.02910596
-0.022634089
-0.079087935
0.112499274
-0.017168514
0.011443646
0.25866762
-0.014139611
-0.028282087
-0.0106864935
-0.018231789
0.13474357
-0.05798218
0.13922098
0.09941275
-0.0006276872
-0.004581382
-0.037745126
-0.034879122
-0.1428138
0.123901345
0.27715826
0.11211645
0.1479649
0.099743254
-0.0169532
0.021195315
0.027582224
-0.007642432
0.030373884
0.0054201134
0.0067295367
0.09688604
-0.06766904
0.019515231
0.6543313
0.49979275
0.1157552
0.02461124
0.46264476
0.056832917
-0.0952767
0.022769943
0.0029528472
-0.015400364
-0.16526635
0.016147653
0.002348065
-0.037233874
-0.046177637
-0.02799809
0.0059377067
-0.008464183
-0.39553097
-0.055881493
-0.04121368
0.020189272
-0.0041091796
-0.014667584
0.025905494
0.043111086
0.06338245
0.17641214
-0.07565519
-0.009914267
0.010961646
-0.17696008
-0.025931887
0.012550461
0.034575965
0.42818275
0.0014575899
0.06443981
-0.0139323855
0.15651457
0.017017402
-0.11870935
-0.0324849
0.0617959
0.13020158
-0.07500384
0.038092576
-0.13206793
-0.043289118
0.02298141
-0.017943846
0.03554828
0.07654989
-0.006906597
0.007733074
-0.13523933
0.020663891
-0.089698374
0.038140472
0.000426235
0.22506289
-0.04794366
-0.03891557
-0.08962509
0.050038736
0.059177466
-0.107181
0.014442794
0.69897735
-0.0070119174
0.119591735
-0.025389412
-0.15982625
-0.032275017
-0.12079899
-0.014350275
0.020501092
0.041807048
-0.10287484
-0.018920455
-0.026481502
-0.004020355
0.0069429656
-0.094825685
0.06448918
0.03733313
0.06479219
-0.0063337004
-0.010197196
-1.5656591e-05
-0.037015013
0.064300686
-0.14210619
0.024115909
0.035480563
-0.3416124
-0.06943028
0.024069788
0.11225762
-0.045790043
-0.094667174
0.015744472
-0.02519438
-0.027736505
-0.024049802
-0.06818398
0.15398961
-0.116919845
0.28536645
0.004914478
0.09518201
0.033928383
-0.011297569
-0.0076367296
0.07243739
0.04690958
0.12516424
0.04875464
-0.07330481
-0.014138898
0.116783716
-0.0426401
0.028951587
-0.1421726
0.01716904
-0.008441828
-0.033616107
0.043995995
-0.07559134
0.025360161
-0.32100946
0.007737004
-0.05871531
0.018954553
0.045793016
-0.1723417
-0.1273589
-0.043540634
0.044800486
-0.028180446
0.0070081432
-0.05305981
-0.07056313
0.0883378
0.013680731
-8.956495e-05
0.018223222
0.0023426593
0.041313305
0.0043750256
0.003717477
-0.57983243
0.095821865
0.1460983
0.038130213
-0.038004328
-0.05227346
-0.567256
-0.0067256824
0.08126617
0.036549713
0.04399943
0.02576529
0.021900332
-0.14867695
-0.09496995
-0.048334695
-0.0047877096
0.11653756
0.04890127
0.058484837
-0.073582344
-0.08732239
-0.1277183
-0.013190595
-0.045187976
0.1676774
-0.015111421
0.011622384
-0.08823901
0.0033259632
0.12881728
-0.04304325
-0.0018573063
0.020072807
0.040753167
-0.05983318
0.08239202
0.010313326
-0.004119678
0.038561903
0.011727739
-0.05066509
0.036081154
-0.05702194
-0.09162669
-0.05061693
-0.049071193
0.27050853
-0.30661422
0.02898585
0.044108212
-0.031071682
0.008049201
-0.009226926
0.0056092544
0.047614876
0.04807751
0.28963333
-0.03261581
-0.0017561752
0.043713067
-0.09848271
0.17155643
0.08337045
0.061998487
0.24561323
-0.020335758
-0.049211927
0.024035212
0.23955397
0.01018263
0.07028849
-0.021935843
-0.06543992
-0.019152146
-0.1458172
0.037275493
0.024208825
0.25172544
0.0044923797
0.104983345
0.47206193
0.06479505
0.15017422
0.092523
-0.13056558
-0.02873626
0.20757899
0.010805149
-0.044859983
-0.005739228
0.016719205
-0.3622074
-0.04721567
0.004126838
0.2109615
-0.012062017
0.03727463
0.021617023
-0.11612369
-0.2678995
0.016325586
-0.006837038
-0.06471807
0.0027178845
0.055644494
-0.011906956
0.06555496
-0.0030721899
-0.0097338725
-0.059364345
0.1776372
0.0477877
-0.13847645
-0.051758952
0.05045171
0.020029318
-0.046843573
0.022111312
0.017643727
0.07124858
0.016472422
0.0016182043
-0.011505291
-0.07997681
0.010651285
0.02480855
-0.020697495
0.011978688
0.3182349
0.025813947
-0.025909
0.01742684
0.061518915
0.04548263
0.00056505564
-0.09381612
0.07244286
-0.025261423
-0.08336308
0.06662295
0.075001135
0.10510493
-0.037549675
-0.04376107
0.03999004
0.08557493
-0.0073993765
-0.010718903
-0.009500382
-0.05746245
0.040039398
-0.039595712
0.09755703
0.13301314
-0.13761477
-0.10958714
0.03864922
-0.06275416
-0.014468374
-0.0107493885
-0.022079833
-0.1523519
-0.029200546
0.015269501
-0.013270595
-0.060851105
-0.30273739
-0.48617122
0.01734135
0.009658409
0.038545344
-0.05278597
0.018140195
-0.04499805
-0.004781588
-0.03797246
-0.19137073
0.03601378
0.13330807
-0.019483685
0.015965914
-0.015804198
-0.031548254
-0.032628614
0.076122366
-0.6705473
-0.029899133
0.05189391
0.043836262
0.044238765
0.053339638
-0.108822696
-0.097272664
-0.02736846
-0.21136692
-0.09992755
0.03335171
0.006007959
0.039573688
-0.023378007
-0.14650512
0.1535044
0.06555244
-0.42147788
-0.03264108
0.16610402
0.08980257
0.05816634
-0.06928696
-0.21074994
0.25659573
0.0060392334
0.020746293
-0.028358063
-0.009057145
0.088281535
-0.033860292
0.0036036803
-0.01786844
0.0073271487
0.035052598
0.02611831
0.039673205
-0.053043842
0.026676692
0.12394042
-0.20317893
-0.18083297
0.08419175
0.08307457
-0.28627154
-0.13736087
-0.021057723
-0.032949734
0.097578935
-0.013463189
0.030723432
0.09894805
0.0073113395
0.09330032
-0.027295196
0.0031424602
-0.025016064
-0.3343453
0.029475462
-0.008111052
-0.010123197
0.037659787
-0.08701794
-0.025843978
0.25579455
0.11450168
-0.0660672
0.072992
0.12088821
0.061845645
0.011951116
-0.005690508
-0.24679288
0.16926931
0.16728376
0.021064734
-0.13237533
0.001045726
-0.06877214
0.010641491
-0.26169005
-0.10103777
-0.20191143
0.04399089
-0.10078375
-0.063617446
-0.08083569
-0.11907997
-0.08883704
-0.046866864
-0.10076199
-0.21321915
-0.033225678
-0.0108090555
-0.019175243
-0.021469997
-0.01459503
-0.0043381336
0.06752447
-0.03939041
-0.01819222
0.036856953
0.022260886
-0.44702345
0.003693853
-0.046955198
-0.011605482
0.29553294
0.04328555
-0.17926057
0.011143082
0.16974983
0.016981129
0.083436824
-0.032337368
-0.114361435
-0.10832231
-0.09779573
0.02687452
0.043804422
-0.0041409885
0.009505455
0.045089956
0.048202503
-0.14181289
0.26590228
0.038285464
-0.0070450185
-0.059291456
-0.11084712
-0.109154925
-0.36940104
-0.0006215588
0.22291777
0.026062038
0.16872793
-0.052665565
0.040110458
0.08064343
-0.0011157311
-0.14030862
0.015494105
-0.0027613323
-0.032555155
-0.047528602
0.053986296
-0.028548859
-0.0019104569
0.028304648
-0.0052626696
-0.07599402
-0.09891484
0.016292186
-0.0075972956
0.0030593043
0.011311431
0.1934742
-0.08582476
-0.048582103
0.08152055
0.18830565
-0.26467478
-0.09477791
0.024795724
0.21087104
0.02858389
-0.026155556
0.0007690218
-0.018818133
-0.049664646
0.2803253
0.04893545
0.35974655
0.046283934
0.017625827
-0.042301178
-0.0409909
-0.03312353
0.020260414
-0.0018119193
0.028431619
0.08342738
-0.009023555
0.027893843
0.005292211
0.015213154
-0.033750754
-0.04604663
-0.114291936
0.14507806
0.02836092
-0.0069277086
0.11350279
0.05593229
0.025486238
0.010985392
0.00070611393
0.10708591
-0.07316622
-0.37908146
0.15850739
-0.034022458
-0.089311585
0.028946966
-0.06942059
0.061125163
-0.025943039
-0.26955512
-0.0063451123
0.057224646
0.058028728
-0.061646856
0.013544226
-0.026336113
0.041767333
-0.07086593
0.009140488
0.017042838
-0.090214856
-0.09067588
0.0139123425
0.0010568554
0.02630823
-0.004768632
0.5340242
0.032409485
0.017211556
-0.020354522
0.0019008002
0.0004553931
-0.20075408
-0.03929319
0.02849456
-0.05141319
-0.04897186
-0.003522795
0.124381244
0.012146533
-0.017348422
0.031448524
0.011258828
-0.07047109
-0.114947125
0.045726184
0.05287997
0.055478957
0.08562449
0.016468542
-0.009156066
0.0025133246
0.03766951
-0.07048007
-0.108846836
-0.04507339
-0.07097704
-0.09917119
-0.031645264
0.017949844
0.25166216
0.035071187
0.04379694
-0.020208854
-0.16871609
-0.0060110143
-0.04249958
-0.23879045
-0.5224739
0.07767012
-0.043948088
0.004347864
0.0012518954
-0.0118337
0.010820578
-0.11614515
-0.041734897
0.012002328
0.012508452
0.19654772
-0.0013077671
-0.0030443987
0.2188771
-0.08371874
-0.02732131
0.0014099786
-0.030274551
0.18439782
0.07517153
0.014614072
0.07972503
0.03969456
0.012403895
-0.0026792742
-0.0015987967
0.018579634
-0.09130708
0.01721665
-0.025788458
-0.07206339
0.023696126
-0.003605339
-9.5009964e-05
0.05781419
-0.045941748
0.049605068
-0.035387944
-0.066870145
0.017990507
-0.044300478
0.06940272
-0.04004516
-0.09409964
-0.066111535
0.01649458
-0.0047745653
0.044224396
-0.08424643
0.046922714
-0.0039567878
-0.013187256
0.040500965
-0.13147043
-0.019182378
0.009509408
0.033199526
0.019164188
0.005414016
0.035307262
0.008773146
0.20105343
0.061627213
0.010251252
-0.22250159
0.100883104
-0.079532415
-0.08788976
0.023583317
-0.09469553
-0.15233459
0.36529437
0.049416322
-0.1340628
0.0449855
-0.0417064
-0.18496546
-0.042770468
-0.006230899
0.011437295
0.016614724
0.041989885
-0.19723718
-0.032584745
0.062450144
-0.0422606
-0.12042896
0.00079738937
0.031776723
-0.087984815
-0.022095041
-0.06802249
0.09360811
0.046638362
0.02967311
-0.10122602
-0.020320415
-0.021640496
0.031177059
0.0006474037
-0.05888872
0.009636575
0.03241814
0.0810935
-0.037152674
-0.044066858
0.07828065
-0.02027036
-0.020960322
0.008448631
0.011843449
-0.03202213
-0.11748865
0.024710767
0.24014577
-0.049048968
0.057513412
0.040300872
0.009062013
-0.10567567
0.020949584
-0.034819126
-0.257319
-0.039081763
0.010405764
-0.023722153
0.048706807
0.037039857
-0.032332066
0.020436114
-0.009939401
0.00076179294
0.07315145
-0.11445742
0.0013926683
-0.040418092
-0.021554945
0.018654997
0.02909709
0.09738344
-0.12010498
-0.0115566645
0.012227562
-0.17505988
-0.008218553
0.15143356
0.054589707
0.011853344
0.005548802
-0.020808348
-0.007674892
-0.022710305
-0.007803209
-0.06766699
0.036941726
-0.03763596
0.016138658
0.02416922
-0.06982631
0.012167825
0.013173026
-0.1208942
0.12895864
-0.081577145
-0.040844604
-0.07558456
0.012661063
-0.069289654
0.009135871
0.0026596617
0.046767212
0.11777401
-0.026553694
-0.01643351
0.18682659
-0.014038093
-0.07873612
-0.077070154
0.033703115
-0.23508185
0.10640938
0.111063525
-0.012527011
0.04749837
0.06399662
0.12841211
0.024146363
-0.049430683
0.16400212
-0.03005091
0.039523583
0.04360082
0.11965608
-0.025841163
-0.04284929
-0.11249562
0.047058485
0.13503782
-0.011765897
0.10081541
-0.11260771
-0.38999656
0.03991213
-0.016813593
0.07073165
0.3015197
-0.02958261
-0.079428196
0.07070702
-0.046203367
-0.009210139
0.027452312
0.020511912
-0.13984609
-0.23353086
0.076329716
0.06460244
-0.021929363
0.048305526
-0.022574715
0.0006171137
0.0009772637
0.07699943
-0.0047344635
0.14870526
0.016961543
-0.06420997
0.029823862
-0.04906869
0.024718648
-0.03274878
-0.013725386
-0.07948905
0.046751175
0.009777927
0.020074112
0.04722076
0.10019603
-0.02731831
0.066346034
-0.16104314
0.014939402
0.045333803
-0.037345797
0.07896835
0.02456359
-0.00954862
-0.0291311
0.0355418
-0.00086965243
0.039552804
0.02615183
0.008480443
-0.11273056
-0.03464692
0.021323947
0.04329421
0.009239331
0.061836436
-0.017084857
0.040602744
0.06302829
0.0049808295
-0.24146263
-0.13142343
-0.2606438
0.0053724702
-0.009210249
0.03510519
-0.008455371
0.053695053
0.01553702
0.05082195
0.012749084
0.021319736
-0.08778796
-0.026207844
-0.49058098
0.052415058
-0.00018837671
-0.0573338
-0.009579114
0.13375819
-0.23655932
0.16663788
-0.1332975
-0.0009780839
-0.03470893
-0.0406534
0.018813366
-0.070962414
0.0025342864
-0.07087707
-0.016342785
-0.219063
0.012387807
-0.044619467
0.01695348
0.014449947
0.031925343
-0.11531138
0.0379223
0.018248511
-0.009665911
-0.015811782
-0.12826748
-0.019148821
0.2706252
0.09275107
-0.14406423
0.018888237
0.0061637796
-0.108895205
-0.01868075
-0.023438666
-0.014277701
0.0018965086
-0.004884906
-0.09025387
-0.23519807
-0.010883218
0.033897318
-0.02070497
-0.03191125
0.022865143
0.015552835
-0.027269382
-0.031084066
-0.11385418
-0.32607666
0.023000019
-0.047064558
-0.019681718
-0.03513556
-0.06763144
-0.013359409
-0.001943399
-0.087543964
0.011233801
0.09424435
0.012995618
-0.13765751
0.030665793
-0.013880973
0.06768657
0.014792008
0.11260086
0.020199917
-0.012997763
0.0044599185
0.006869423
-0.10229142
-0.1155427
0.0066379346
0.083956435
0.017469382
-0.082208216
-0.03755056
-0.21378352
-0.0060629873
0.18478282
-0.60442567
0.034740537
-0.13916694
-0.41543314
0.025908362
0.014475838
0.029195309
-0.043709345
-0.07072008
-0.014911445
-0.022355048
0.0042821406
0.08659511
-0.017061515
-0.061598048
0.017920999
-0.17604414
-0.04504776
0.03435463
0.0561219
0.030564588
-0.0026993982
-0.05454088
-0.04527565
-0.064171426
-0.042488888
0.0027163841
-0.04643712
-0.029143011
-0.2424462
0.08869944
-0.10967438
0.09950009
-0.021712732
-0.020551406
0.10426404
-0.0011149397
-0.19878714
0.005860377
0.030743657
-0.030033695
-0.010006076
-0.05091458
0.041457113
-0.85070837
0.020449238
0.20170298
0.08684751
0.034881487
0.051723678
0.0113261705
0.047466904
0.0014657048
-0.1402586
-0.005092419
0.0024993175
0.057870995
-0.025144596
-0.0786239
-0.38119793
-0.036039714
-0.03658859
-0.15403257
0.016730424
0.04778508
-0.038870312
-0.007723567
-0.03796132
0.13560715
0.0006856516
-0.014274702
-0.025538128
-0.005318391
-0.019349633
-0.03747155
-0.019691547
0.016818553
-0.031019114
-0.088492684
0.0953904
-0.014603943
-0.003884872
-0.0072453804
-0.062329486
-0.016073251
0.07876825
-0.06328958
0.03133116
-0.039358646
-0.011331444
-0.24504544
0.021078328
-0.06564912
-0.3681529
0.15810783
-0.021473998
-0.026953436
-0.04565173
0.011812788
-0.037343346
-0.031498138
-0.08737581
-0.08386215
-0.06847363
0.012318234
-0.010029391
-0.054696772
0.034610663
-0.041976772
-0.10416175
-0.0987406
-0.05248742
-0.18192758
0.027587624
0.08262896
-0.08429405
0.0026496006
0.002743986
0.037094917
0.0141753955
-0.0040072356
0.10273486
-0.012286112
-0.09787906
-0.09760523
0.022386359
0.05727933
-0.12278184
-0.019005101
0.013856148
-0.122406885
-0.053978175
0.035826888
-0.023171263
0.009831023
0.044837024
0.0027710365
0.008277122
0.004752105
0.059660356
0.01000765
0.23507158
-0.03360023
-0.06370475
-0.0028996188
0.030689038
-0.007884181
0.027309816
0.01972551
0.06658835
-0.03532561
-0.016738119
0.016805261
-0.049742892
-0.12796225
0.013288177
0.008763998
-0.007966968
0.01712841
-0.010220683
-0.009880401
-0.026610672
-0.013697768
0.009650138
0.066683374
0.093062185
0.13915604
-0.07075594
-0.045882016
0.0002840857
-0.0012115055
0.019297149
-0.044852227
-0.0076383776
-0.7124851
-0.0034366492
-0.039017
-0.018020377
-0.33701786
-0.038567767
0.0078003258
-0.24894424
0.024186485
0.0068151993
0.01520665
0.0008901205
-0.04518988
-0.06574563
-0.10399862
0.0034406562
-0.14298666
0.023577161
0.019010339
-0.05658774
-0.036527615
-0.09660446
-0.061214343
-0.007440934
-0.008250447
-0.0591443
-0.13364142
0.23360203
-0.012332845
-0.045794927
0.1230094
-0.008122708
0.0035385164
0.030956002
-0.03478786
-0.06102165
-0.00987613
0.004935648
0.055273842
0.17993052
-0.045593694
-0.25869635
-0.026022172
0.02225766
-0.016110787
0.015009898
-0.01763149
-0.003807818
-0.05036213
-0.004720306
-0.068729885
0.02366034
-0.003319802
-0.0002017035
-0.013914243
-0.04745928
0.1887723
-0.15079306
-0.15592654
-0.024397127
0.07930671
0.0008202344
-0.009003928
0.06152918
0.020818055
-0.13583808
0.033969533
-0.024840564
-0.12517183
-0.026006415
-0.001162529
-0.1421857
-0.09974236
-0.12052082
-0.071292825
-0.013313075
-0.04099231
-0.087457135
0.06619146
0.25365382
0.04357677
-0.18026662
0.09887412
-0.01241223
0.07718137
-0.029436037
-0.015095237
-0.039794154
-0.009832458
0.27707258
-0.16489117
-0.026408102
0.0006735803
-0.023572747
0.029599814
-0.09865338
0.15294777
0.115032904
0.06975163
0.20384158
-0.018935496
-0.058526378
-0.24581419
-0.03974748
0.10358629
0.035587408
-0.1350468
-0.0042972155
0.2959915
0.02220943
-0.038552172
-0.0036936712
-0.08167651
0.032916702
0.012501706
0.064781375
0.06993082
0.014804427
-0.03994572
0.040490523
-0.056366045
-0.023323447
-0.15380526
-0.13109656
-0.02280034
-0.09135907
0.05056997
-0.036289807
-0.041943934
-0.043106228
-0.8390102
0.02979992
-0.0104290135
0.049504578
-0.020634703
-0.14394377
0.32323876
-0.01384325
-0.07200774
0.044252913
-0.20209923
-0.0069638444
-0.07012775
0.034555376
-0.03537852
-0.030528339
0.32122156
-0.10159912
-0.074326284
0.020739919
0.019704126
0.026403358
-0.023545219
0.114189304
0.016083581
0.03277795
0.016888192
-0.013963663
0.018621348
-0.062289447
0.03305934
0.14917053
-0.012526991
-0.12320695
-0.10792149
-0.037893303
-0.03239508
0.016009076
-0.07911711
0.04787905
0.057288606
-0.06617887
0.010967531
0.024440967
0.0021073855
-0.15055889
-0.43594003
-0.0550384
0.03130934
0.0111008175
0.0017506396
-0.010305957
-0.009987645
-0.016228722
-0.022107445
-0.015019735
0.0005852993
-0.12705822
-0.057409108
-0.21089561
0.0049805446
-0.06354051
0.05301252
-0.06474031
-0.003216784
-0.06303696
0.023457214
0.023101015
-0.07964062
-0.026399633
0.020122066
-0.12896366
-0.07358552
-0.044047434
-0.030016923
-0.12136562
-0.092850186
-0.009948464
-0.049290285
-0.060170017
-0.023281168
-0.02722299
-0.24654856
0.020474197
-0.02660443
-0.014617817
0.2592377
-0.04122785
