1024
-0.095264435
-0.011498963
0.11735124
-0.032563165
0.06424885
-0.012625841
0.032764483
-0.108484246
0.03537978
-0.11693929
-0.008734249
-0.057614032
0.054091316
-0.04462441
-0.092133746
-0.15659507
0.06783753
-0.002469966
-0.010052507
0.00901967
0.0026328692
-0.018857103
0.08467633
0.06691403
-0.03175072
0.06908507
0.078799136
0.015985286
0.040556606
0.22053781
0.039253063
0.01665685
0.4185749
-0.48863626
0.100594
0.43273112
0.022392776
0.00351036
0.2433082
0.150067
-0.016901609
0.09486312
0.009203968
-0.007083606
0.12826456
-0.019407494
-0.0855769
0.01331019
0.044555433
-0.014169966
-0.000892376
-0.0330717
0.0005369372
-0.028319648
-0.20659834
-0.033737525
0.12742646
-0.37836182
-0.026764473
0.12914051
-0.034184057
0.0024825616
-0.060770694
-0.0069379173
0.02357619
0.04928473
-0.008450764
-0.23572515
-0.015172145
-0.020703048
-0.64227444
0.042508684
-0.01872968
-0.01024915
0.21889682
0.008730763
0.0053922865
0.1200796
-0.00789924
-0.12901126
0.07050258
-0.022343297
0.09264263
0.1530524
-0.0019863138
0.014762867
0.029318154
0.09187878
0.05594158
0.06831412
0.029013937
-0.47100452
0.021616133
-0.004497029
-0.03173374
-0.022699825
0.097649194
-0.37127343
0.007075891
-0.24745901
-0.25719208
-0.09980899
-0.06870247
0.0013091266
-0.16515756
0.01164215
0.0120590255
-0.009373002
