1024
-0.0012010783
-0.07992007
-0.13793732
-0.1021763
0.0028850173
-0.018173316
0.0014335793
0.005189284
0.00010451867
-0.016116258
-0.0147322845
-0.026961055
-0.043816604
-0.015885575
-0.029156635
-0.017037809
0.0059463955
0.034119483
0.071972944
-0.009399245
0.010307124
-0.017935278
-0.070274755
-0.13979511
-0.034613445
0.015273278
-0.035965625
-0.019232536
0.06991235
-0.031365685
-0.020328257
-0.02153529
-0.03059753
0.013973057
0.27026403
-0.062010854
-0.015431824
0.009005132
0.06915113
-0.022125155
-0.023873253
-0.034782957
-0.03592053
-0.022798516
0.05192297
-0.10203954
-0.07341888
-0.042683277
-0.035744976
-0.0020626606
0.014801499
-0.018431073
0.0017501583
-0.005260026
-0.07678544
-0.040257115
-0.1063884
-0.017203307
-0.10706663
0.0029891552
0.18983589
-0.04783916
-0.026570983
0.0354958
0.010094238
0.029760383
-0.031396892
0.0018899865
0.02665192
-0.024347724
0.0011244337
-0.026099084
-0.045001313
-0.11336253
-0.0669457
-0.08729969
-0.1431159
-0.21419767
0.012631014
-0.0029324864
-0.03117784
-0.013193337
-0.087791085
0.0042855623
-0.095226794
-0.0046913372
0.083375365
-0.04284125
0.019222904
0.15011713
0.08916354
-0.04957075
-0.020154357
-0.06427263
0.045831382
-0.07645489
0.013790958
-0.03930841
-0.008421874
0.072064966
0.028734641
-0.00039971666
-0.016082818
-0.0131920455
0.0017275587
0.03845203
-0.039367724
-0.13256717
-0.063749515
-0.09005537
0.059483062
-0.083101526
-0.010501582
-0.04068768
0.060756456
0.024569059
-0.1412433
-0.044274677
-0.015439378
-0.04694486
0.024690244
-0.008232181
0.011516553
-0.02268183
0.016628416
-0.044566397
-0.056851324
-0.04102727
-0.13359343
0.005440363
-0.09485051
-0.028814409
-0.076597765
0.050553907
-0.076463334
-0.018604767
-0.06275757
-0.011250987
-0.10890111
-0.029963512
-0.1114932
0.20253375
0.0274104
0.03499952
0.0061725676
-0.07683503
-0.14704692
-0.0038768156
-0.004962011
0.06852009
-0.060738906
-0.014608752
-0.028650912
-0.0019233368
0.0681506
-0.08634184
0.087162875
-0.051261183
0.008929038
0.0068554804
0.029299516
0.009060437
-0.060898192
-0.07979849
-0.048420057
-0.033544276
0.009913873
-0.051672105
-0.035423554
-0.05270535
-0.039531194
0.021503063
-0.008605419
0.0409642
-0.051723246
-0.049968317
0.0005763997
0.011722663
0.015264176
-0.016929062
-0.025574649
-0.08768513
-0.010329223
-0.0018950228
-0.115847915
-0.09448319
-0.010230653
0.084184
-0.00988128
0.03479513
-0.001624835
-0.04648525
0.009869261
0.012389846
-0.05337713
0.04592625
-0.087710366
0.084319286
0.016978294
-0.017901791
0.0063012247
-0.037931643
0.0060771545
-0.023256568
0.020253778
-0.025126437
-0.0694924
-0.12155757
0.04423685
0.039183866
-0.04198513
-0.022585321
-0.0329189
-0.04326827
0.0356858
-0.018388936
0.016492808
0.0023787841
-0.026742833
-0.050414775
0.0104924925
-0.07231821
0.02160265
-0.035695415
0.050060514
-0.088556714
-0.019770093
0.050561953
-0.03899783
-0.010922656
-0.01872998
0.11473151
-0.17744906
-0.027655918
-0.024249895
-0.02004656
-0.009409157
-0.037179377
-0.013738802
-0.16002569
-0.11237802
0.05091632
0.04608342
-0.009057726
-0.008515353
-0.03810378
-0.058576692
0.039243508
0.103489496
-0.060484912
0.096857585
0.01647082
-0.037431605
-0.12640962
-0.08055823
-0.0075135287
-0.022879336
0.029833803
0.021566141
-0.0077021387
0.3237715
-0.03365421
0.008609319
0.08091884
0.0052432893
0.019180225
-0.09932812
0.0044449074
-0.008451745
0.0100422315
-0.056310993
-0.01088038
-0.035104766
-0.09905665
-0.04101746
-0.08504745
-0.026682744
0.049312502
-0.018823296
-0.03271064
-0.005373798
-0.066839166
-0.06847111
0.043914046
-0.11532305
-0.015304512
-0.11910287
-0.09367353
-0.07457624
-0.1250876
-0.012617678
0.021081235
-0.065920815
0.020140301
-0.032984816
0.11086386
-0.036374748
0.10643472
-0.013757034
-0.021294892
-0.09358904
0.052450977
0.038269445
0.018037755
0.39754838
-0.035785787
-0.04205749
0.01861781
0.004491698
-0.09309787
-0.025302088
0.030844009
-0.039410926
0.16872613
-0.031859104
-0.11363609
0.010845617
-0.07911608
0.001855781
0.016046816
0.04228636
0.17139477
-0.07994132
-0.094240844
0.010703541
0.019950226
0.0020381836
0.0931756
-0.11152246
0.004748518
0.006774837
-0.047507502
-0.051135343
-0.088372886
0.048148584
0.13708661
-0.12616082
0.037900094
0.08625949
-0.05000331
-0.06950279
-0.0817566
0.0029025434
-0.11526651
-0.046595905
-0.16628687
-0.03062864
0.005905254
-0.02627224
-0.02097765
-0.07528802
-0.09123028
-0.03267021
-0.025618024
0.029111883
-0.020447625
-0.0025215754
-0.054707725
-0.14277071
-0.0114597725
0.010818131
0.0376505
-0.0327693
-0.012985004
-0.035589147
0.006446744
0.0019298755
-0.10622786
-0.080085725
0.008977789
0.03695372
-0.006075378
0.016784629
-0.06817361
0.00011855488
-0.026415296
-0.1212656
-0.026006352
-0.029271204
0.0017720618
0.116680354
0.0018080071
-0.018014375
-0.0012984731
-0.00756007
-0.029913604
-0.06226465
-0.09227597
0.007172153
0.003476853
0.016379
-0.03745638
-0.048041973
-0.049225662
-0.06213536
-0.028770052
0.15341222
-0.027769316
-0.0790949
-0.003393433
-0.098854825
-0.0037963258
0.058649674
-0.091319375
0.004910727
0.015343872
-0.017167667
-0.09443225
-0.08692967
-0.01606375
0.08796872
-0.040019486
-0.07599894
-0.037484746
0.022188827
0.03616319
-0.016926842
-0.025379997
-0.010259397
-0.033475317
-0.061131805
-0.19862834
0.03592974
-0.0051190066
0.17260782
-0.07725531
-0.068981886
0.027404498
0.12683487
-0.014768355
0.16351289
-0.08605028
-0.080996625
-0.12348937
-0.054671366
-0.08922316
-0.11503805
-0.036908697
-0.03684782
0.053865243
-0.028625408
-0.0321281
0.10065933
0.006344733
-0.10947597
-0.010561161
-0.012062536
-0.04663209
-0.013151756
0.18832666
-0.018522773
-0.027202733
-0.013948219
-0.074235044
-0.12930717
0.0061038593
-0.043658745
-0.0003966217
-0.017942656
-0.07989993
-0.0010373046
-0.06664021
0.12096118
0.02263402
-0.11099948
-0.016267534
-0.13780442
-0.35785612
-0.035186984
-0.047826577
-0.06307339
-0.07356687
-0.018871572
0.0017269034
0.004924209
-0.011538383
-0.0131707825
-0.0012896915
-0.04450567
-0.040032905
0.0015649699
-0.0005772053
0.006606098
0.0347124
-0.10910586
-0.037543524
-0.21994047
-0.027990261
-0.036055923
-0.048994947
0.019526992
-0.1191505
-0.0615441
0.17260076
0.11907694
-0.05063548
0.019611612
-0.03909234
-0.045073587
-0.052350774
0.07866395
0.08536045
-0.03380177
0.32341036
-0.030716999
0.029787611
0.03336798
0.11462619
-0.11284658
-0.0540946
-0.17546244
-0.022743855
0.072593704
0.16563039
-0.05628445
-0.030072866
-0.05623881
-0.072381645
-0.13720462
-0.12951288
0.02018454
-0.14470631
0.035524923
-0.025905631
0.019589365
-0.0014888154
-0.038383722
-0.014171911
-0.029284364
-0.012130765
-0.1230813
-0.033021793
-0.26132146
-0.088045016
0.0066575613
-0.03242054
-0.0540499
-0.10051971
-0.029942269
-0.023351034
-0.06989363
-0.11605636
-0.06565443
-0.045401942
-0.103886686
-0.003789644
-0.0038356096
0.046568815
-0.057296053
-0.017846003
0.00093707343
-0.08659381
-0.052419014
0.0008121151
-0.0068048146
-0.06843468
-0.119825214
0.01498753
0.018352626
-0.04129224
-0.103130765
-0.00524553
-0.043006618
-0.052551452
-0.11755393
-0.0600587
0.122722425
0.022340644
0.012431558
0.0009926518
0.022066912
-0.0033106564
-0.03431872
-0.040473863
-0.013226122
-0.0116864685
0.011809116
0.038560357
-0.01298202
0.040111367
0.0049925814
0.0066665728
-0.021769894
0.09750055
-0.026563996
0.24846812
-0.056595784
-0.07823455
0.012180021
-0.033949308
-0.13704039
0.277449
-0.042577837
0.019752232
-0.09691008
-0.012851945
-0.061521143
0.10388359
0.01490984
-0.0849064
-0.11425811
-0.024446143
-0.035341706
-0.13052861
0.011097141
-0.004182683
-0.050677873
-0.0014087658
0.041087806
-0.017199486
-0.0028573081
0.03612345
-0.03319057
0.044907924
-0.14932007
-0.08251133
-0.0042916466
-0.014089051
-0.048923817
-0.055096623
-0.07405716
0.0067478213
-0.008804706
0.013533042
-0.0029801955
-0.069096066
-0.08176222
-0.08103692
-0.03443806
-0.066697486
-0.09808203
-0.29630244
-0.060368232
-0.006383007
-0.095027015
-0.023551505
-0.0005678151
-0.07872465
-0.05703864
0.017009996
0.027206007
9.031279e-05
-0.04641434
-0.018738862
-0.005504601
-0.025973393
-0.06785883
-0.26080558
-0.016467668
0.020569086
-0.04261736
0.19479649
-0.030465784
-0.0025304602
-0.018301446
0.0075562843
-0.040767137
-0.026921067
0.026096681
-0.04745727
0.083504565
-0.12943748
0.026104722
-0.0025529822
0.016525773
-0.034290772
-0.07191403
0.036956288
-0.009360342
-0.04331879
-0.053346217
0.01016814
-2.416587e-05
-0.27221212
-0.023709953
-0.015976736
0.0050296974
0.008153822
-0.073037624
-0.0036806911
-0.15312314
-0.14244878
0.05871539
0.007915931
0.0032410366
0.22946577
-0.1757339
-0.06459354
-0.06990801
-0.07514583
0.014760313
0.06794702
-0.013034023
-0.018810723
0.0286976
0.29148152
-0.04854523
-0.25675654
-0.068390906
-0.0046591065
-0.0584712
0.011325728
-0.040614314
0.023450857
-0.025023354
-0.07635543
-0.032842048
0.009978559
0.00210612
-0.07515761
-0.29796466
-0.042644713
0.11027734
-0.053813074
-0.03481747
-0.035322048
-0.03667903
-0.035486393
0.0014119959
-0.026575727
-0.0059244963
0.030374568
0.012693043
-0.05099342
0.006387579
0.015032615
-0.033675246
0.0005612075
-0.043604165
-0.035906766
-0.011796958
-0.12213883
0.21751837
-0.023229897
-0.0028686104
0.013051299
-0.06865546
-0.08349602
-0.05159836
-0.09170932
-0.032495327
0.0009488842
-0.014895204
0.014286597
-0.0036789575
-0.010356839
-0.031851485
-0.034792997
-0.04538398
0.04725477
-0.00016475577
0.010504972
0.0037577518
-0.031758945
0.016232966
-0.06625164
0.106306866
-0.024646979
0.19357732
-0.093680255
-0.08696846
-0.07027897
-0.0016467762
-0.1268117
-0.05866719
-0.008971002
-0.10534106
-0.089455344
0.219074
-0.031388294
0.0075139552
-0.0031251386
-0.009666873
-0.0077796676
-0.003982247
0.0851777
0.06334074
-0.028654132
0.0107695265
0.03183838
-0.10123036
-0.005012998
-0.046902403
-0.15563485
0.042288333
-0.011060047
0.0137667
-0.009040885
0.012529182
0.19082624
0.12980896
-0.030396832
0.0023249288
-0.035739824
-0.07232272
-0.037887845
0.022357333
-0.016320081
0.004462213
0.09781386
-0.15508363
-0.010915707
-0.03629136
0.010580097
0.023600003
0.038796797
0.097553864
-0.0371931
0.0276089
0.021494392
-0.0687575
-0.032477174
-0.013991469
-0.06569468
-0.038650826
0.007424757
-0.12938932
0.10094507
-0.019090515
0.011001293
-0.1393639
0.06633112
-0.09163311
0.020072857
-0.106103
-0.042285588
-0.016559241
-0.06511815
0.009164902
-0.049320135
0.017233426
-0.020951942
-0.02246742
-0.06158572
-0.065028995
-0.045591127
-0.047566913
-0.18845014
0.020881552
0.023019243
0.004051447
-0.02467227
0.09878283
-0.018991351
0.0065734773
-0.024290366
-0.0131539935
-0.031000556
0.0032549466
-0.08641952
0.028408494
0.01474589
-0.07699487
-0.018418552
-0.04044649
0.12801239
-0.062402997
-0.029068006
-0.021461692
-0.06502659
0.0031307433
-0.0973606
-0.12662512
-0.05624254
-0.003992837
-0.05879711
-0.0385258
-0.063018024
-0.06308896
0.01612636
-0.055844694
-0.033830162
-0.084590614
-0.021731067
-0.118097186
-0.06649731
-0.013226444
-0.07562143
-0.06626494
-0.075172134
-0.025168803
-0.18474129
0.04886634
-0.15003292
-0.03649189
-0.096033856
-0.09893017
-0.014429755
0.052012533
-0.08555347
-0.06348999
-0.14833754
-0.12503004
0.0017597164
-0.035515428
-0.0783341
-0.022052549
-0.0042402805
0.030796489
-0.027916715
0.029443176
-0.06743109
-0.020754665
-0.02990487
-0.05127429
-0.0027642006
0.12745216
-0.011951608
0.190057
0.008055992
0.022878626
-0.05285509
-0.04618147
-0.2088522
-0.001142085
-0.01475417
-0.07788469
-0.06339641
0.009104755
-0.007861614
-0.03870467
-0.0120185
-0.0041446583
-0.10283244
-0.0041155773
0.038579825
-0.08144874
-0.07381643
0.020141112
0.0037807531
-0.022418953
-0.017765537
0.038389195
-0.09261632
0.06942677
0.018064497
-0.12859327
0.038819246
-0.041939054
-0.005264141
-0.024327016
-0.058398135
-0.09069271
0.0060302406
0.0114320945
-0.00944232
-0.018214691
-0.069776334
0.03408129
-0.060800634
-0.012696457
0.020537315
-0.055706356
-0.03831338
-0.029825805
-0.084430374
-0.06359798
-0.21422859
-0.16501182
0.1753675
-0.049575187
-0.033298694
-0.12651768
-0.014592918
-0.097829014
-0.03616793
-0.0070593576
-0.02802395
-0.06887473
-0.11365148
-0.14494556
-0.06705697
0.073055916
0.04193927
-0.11523575
-0.030522212
-0.06403638
-0.073267095
0.0047610323
0.007159333
-0.03983573
0.04596315
-0.037587915
0.031273652
0.114200436
-0.039072517
-0.028412562
0.0032755302
-0.17669448
-0.0258092
-0.04449576
0.026548093
0.02234457
