2352
-0.08538362
0.15356036
0.16263817
0.18138063
0.11402127
0.15563612
0.072436355
0.019408455
0.017623551
0.09412664
0.12141156
0.14209569
0.033988364
0.0871637
0.06832665
0.2047236
0.16987394
0.17093563
0.15449391
0.10986098
0.18592434
0.12262851
0.079931475
0.12765655
0.06700429
0.18642646
0.11016995
0.08577543
0.01472809
0.17665848
0.17371622
0.14533897
0.17201477
0.15029669
0.041738812
0.033531174
-0.0151823405
0.12547792
0.061891854
0.024481313
0.09024272
0.13916823
0.11529303
0.110885404
0.09827678
0.14681122
0.09750185
0.061713003
0.050885342
0.064711064
0.07493519
0.11380951
0.06441125
0.12614895
0.13647313
0.042432807
-0.06692095
0.08299336
0.058945566
0.13586289
0.080495745
0.0073666372
0.026132042
-0.020828648
-0.04336131
0.053774685
0.031864125
0.1377509
0.11820173
0.17111862
0.16482377
0.15278797
0.1738486
0.15461586
0.18056212
0.15119104
0.0893486
0.0885638
0.04194716
0.0036110375
0.010189576
0.14245129
0.0470187
0.10976057
0.07179999
0.15751788
0.05123912
0.0392202
0.017068135
0.03137694
-0.050187193
-0.02177072
-0.073539175
0.04477817
0.11706697
0.1932673
0.071393356
0.08472786
0.09250286
0.10756716
0.112322375
0.078176074
0.13786252
0.1095537
0.005467316
0.05710415
0.059567254
0.0790006
-0.024980903
0.07832183
0.15349288
0.02747307
0.06568645
-0.039516255
-0.06651029
0.0055360226
-0.024775887
-0.08401818
-0.152685
-0.17628716
-0.05405334
-0.027220367
0.04095354
0.12096482
0.05400844
0.01969479
0.019185027
0.034252785
0.08493501
0.15316455
0.14195162
0.098778054
0.042483106
0.06884008
0.0060900836
0.029097985
-0.060931824
-0.08084433
-0.0038401128
0.14281148
-0.08854162
-0.019247903
-0.05830138
0.028086273
0.024872866
-0.075414784
-0.11806915
-0.022584863
0.026384262
-0.01599815
-0.013730352
0.1252635
0.118269175
0.09009414
0.1179209
0.11210987
0.12819815
0.1104416
0.079997025
0.093853496
0.05862779
0.023008708
-0.0017069054
-0.017445125
0.021294326
-0.06378998
0.08475575
0.20001447
0.082093716
0.04834681
0.0730138
0.019367378
-0.0076522585
-0.0930019
-0.10413633
-0.08963841
0.03995904
0.012141436
-0.07938666
0.14961347
0.093410894
0.08870636
0.08994174
0.14578748
0.1230601
0.053054098
-0.06436927
-0.0009780682
0.048405945
0.037841745
0.020256994
0.055985194
-0.01795873
0.08893098
0.14859603
0.1690603
0.0027349428
0.14353637
0.07181237
-0.016356314
-0.046655785
-0.05589141
-0.06833007
-0.019560305
-0.001089166
-0.0261537
-0.10374621
0.023167823
0.013077699
0.07451327
0.0556661
0.071867846
0.10233152
0.022801738
-0.0061422368
-0.07307544
0.02650816
0.06290131
0.08516281
0.03708644
0.045282677
0.1716947
0.13425897
-0.03312499
0.040572345
0.10588156
0.033381227
0.019716153
-0.010887316
-0.22213131
-0.17173569
-0.023424065
-0.00025933556
-0.07206536
-0.0656466
0.06061756
-0.026764486
0.0629022
0.1038251
0.098712265
0.08025659
0.033222683
-0.054906327
-0.003717506
0.010232437
-0.050137714
-0.008067851
0.030867103
0.03142556
0.067281745
0.088531315
-0.16440292
-0.026633231
0.07172272
0.022779783
0.008113684
-0.07235096
-0.22852345
-0.04591147
-0.02635479
0.009730124
-0.037554435
0.06992578
0.12726828
-0.015666142
0.09619476
0.15712696
0.13484104
-0.0008187357
-0.013707472
0.024350109
0.0109024
0.016126787
0.021165406
0.029347982
0.05731903
0.061092068
0.012676476
0.013044198
-0.12774415
-0.054474533
0.030158222
0.042288262
-0.030779151
-0.17457695
-0.09682147
0.004757267
0.0343191
0.04925621
-0.020000046
0.013671612
-0.012921144
0.007980849
0.130846
0.11685436
0.14972942
0.058221977
0.03154109
0.05168498
0.028135795
0.04560631
0.07928712
0.040303838
-0.0019076387
0.08681618
0.051024415
0.035853054
-0.07683196
-0.04935112
-0.008612633
0.0521245
0.00847665
-0.04758827
-0.08825465
0.009206134
0.06586688
0.051786598
-0.006777048
0.029735805
-0.033824623
0.08563965
0.115433194
0.12598936
0.064158596
0.06885676
0.063949175
0.076557785
0.083351634
0.08672045
0.11370484
0.072885506
0.044021618
0.07590024
0.043891005
-0.028510174
-0.16301544
-0.04309931
0.020009423
0.01914943
0.017604576
0.015474177
-0.047692694
0.043110408
0.060507674
0.012368887
0.007076986
0.029146515
0.029847613
0.06712092
0.08624421
0.14625487
0.02871716
0.03892895
0.052637357
0.07647641
0.084316306
0.10035885
0.08720333
0.050291702
0.031845566
0.061732024
0.03836465
-0.038618654
-0.10482693
-0.11889266
0.01413041
0.018898144
0.061375335
-0.055557642
0.051580127
0.06491963
0.07568832
0.10656509
0.033462487
0.05575809
0.09549618
0.06145181
0.088766135
0.093221195
0.046184678
0.0825417
0.073670164
0.09323215
0.08215394
0.048389696
0.04897969
0.042345013
0.06824311
0.015529069
0.010361785
-0.017531032
-0.03327855
0.05441777
0.11367695
0.1707938
0.14111872
0.0699142
0.062076062
0.029766945
-0.041286953
-0.0659078
-0.014313382
-0.001739294
0.014147429
0.033351593
0.04221861
0.08015574
0.07940309
0.025270194
0.010403889
0.061478518
0.06273013
0.102904886
0.058115866
0.04802205
0.039730534
0.027383879
-0.03478023
0.0025395213
0.08273668
0.07781862
0.15255883
0.18774872
0.2115299
0.14916998
0.12702745
0.054480694
-0.048906744
-0.07238698
-0.06440637
0.05899306
0.031725362
0.024225967
0.0894264
0.0858719
0.087219305
0.05573473
0.020396216
0.07325479
0.09774674
0.04635683
0.01816725
0.0034674723
-0.016090792
-0.037814703
-0.042645115
0.025319055
0.19401024
-0.021887455
0.08424082
0.2423563
0.2300046
0.19323598
0.030739434
-0.0033755156
-0.056878302
-0.04124823
0.016921213
0.030170368
0.061583467
0.012897401
0.07262877
0.11285942
0.006126426
0.02559956
0.030208694
0.05036475
0.032580137
0.020184701
0.033902273
0.05924563
-0.025197256
0.008285193
0.031338397
-0.036174733
0.25333577
-0.006440386
0.025089173
0.15596229
0.22587413
0.120197125
0.010866202
-0.08673527
-0.09116229
-0.023436572
-0.025845708
-0.025569735
-0.016010365
-0.00029122818
0.087291874
0.06778377
0.033282433
-0.007916017
0.040175866
0.046756566
0.0435447
0.057222635
0.031943977
0.011565435
0.03633136
-0.0039527933
-0.0057915417
0.034530096
0.12291596
-3.8694277e-05
0.109334745
0.1799799
0.11998135
0.0017909374
-0.07092368
-0.077889405
-0.08911802
-0.01513128
0.028701141
0.029505266
0.06006645
0.034221422
0.018988367
0.018270763
0.027441643
0.02173897
0.058625314
0.033442143
0.0392674
0.043620687
0.06229235
0.014628106
0.09147627
0.0006524723
0.032135297
0.06460309
-0.048775386
-0.14588273
0.094410464
0.2120087
0.19435528
0.096855305
0.034401342
-0.071713135
0.0063537634
0.03479337
0.045552313
0.056133207
0.037558522
0.06769504
0.026835334
-0.041783717
-0.06677579
-0.022312332
0.016510438
-0.0017414414
0.09699244
0.078988716
0.05741437
0.0073248735
0.05188658
0.022337139
0.063991785
0.031572632
-0.12307475
-0.110553384
0.07955943
0.09197535
0.10765148
0.045223627
-0.0004919934
-0.0147452615
-0.003085863
0.02056304
0.082247995
0.10477866
0.12759545
0.070491485
0.08344301
0.065942325
0.0015413566
0.005397205
0.079639986
0.0649179
0.12672648
0.20516172
0.13314132
0.08912525
0.08020718
0.046988677
0.050612062
0.065786734
-0.06141135
-0.06214252
0.03361196
0.07185947
0.03723011
0.0050937533
-0.0055718548
-0.05274147
-0.060099594
0.04931916
0.039452408
0.050597716
0.11241557
0.08289708
0.040201515
0.07038274
0.01011675
-0.03444637
0.0018326051
-0.03469762
0.02532115
0.14800394
0.12856491
0.08775517
0.047166236
0.07991836
0.08854183
0.13202561
0.047014393
-0.05499327
-0.042159427
0.013540691
0.035268415
0.039990053
-0.06599368
-0.05855623
-0.040296853
-0.0056535625
0.017015906
0.030917967
0.07960261
0.06595427
0.0040463065
0.013051587
0.013750931
0.007633346
-0.02716957
-0.035193726
-0.01419022
0.09845652
0.042025678
0.072642796
0.09786349
0.02261585
0.06751156
0.051457807
0.06790846
-0.017766982
-0.012245364
0.083663896
0.06025681
-0.011951844
-0.017960858
-0.034570444
-0.05546285
-0.053201985
0.02693686
0.006017174
0.04760176
0.009294649
0.1064614
0.08549709
0.0090792095
0.0734807
0.012273872
-0.03637065
0.012496285
0.07199165
0.08216972
0.011055283
0.056792516
-0.014607174
-0.06850415
-0.03069893
-0.0069759814
0.108647235
0.074451104
0.086205944
0.06996397
0.03679276
0.03083917
0.018713137
0.007958658
-0.026317801
0.06636442
0.03639028
0.055402447
0.086845644
0.10502161
0.0496137
0.15666951
0.1015308
0.0528453
0.001828057
0.04668527
-0.002428007
-0.097636014
-0.048316233
0.029653775
-0.022777554
-0.07438579
0.03463022
0.09551057
-0.018458875
0.04710937
0.038556863
0.020842012
0.06411063
0.041341957
0.04621601
0.04990593
-0.008087327
-0.00013591973
0.014463408
0.023145273
0.034101285
0.022267647
0.1516441
0.14470717
0.12381307
0.027721701
0.085494384
0.031760328
0.009397958
0.017467186
-0.0026623358
-0.025166942
0.007298536
0.030655619
0.044281557
0.14484112
0.0996934
0.059736714
0.040154062
-0.0077744047
0.0040701977
0.028775766
0.0017309036
0.07793594
0.062716946
0.0801785
0.069886066
0.07156891
0.004023648
0.014618911
0.17221937
0.024215225
-0.024815133
-0.0065114265
-0.008977188
-0.052678797
-0.11285776
-0.04805152
-0.042439338
-0.028453497
-0.009063877
-0.001719744
0.10737987
0.10840441
0.012524749
0.1366221
-0.03259938
-0.056078516
-0.08170396
-0.035481054
-0.07472995
0.050123904
-0.0042149047
0.07195063
0.11950258
0.115070835
0.061075624
0.10375633
0.16176312
-0.07380804
-0.10929164
-0.13527507
-0.021161858
-0.07864456
-0.0877744
-0.059568286
-0.085250475
0.08688297
0.05744118
0.06659799
0.11583325
0.04152955
-0.046217635
0.20271532
0.0992498
0.20580837
0.40191627
0.25621286
0.1294767
0.027975986
0.106397524
-0.030016216
0.13932842
0.16514261
-0.016399669
-0.17855333
-0.11580649
-0.08482123
-0.054555673
0.16528529
0.23429364
0.1639366
0.079140335
0.18499033
0.45416847
0.39659488
0.06626222
0.10071549
0.025140848
0.016209306
0.021680055
0.16623369
0.12042772
-0.03527666
0.23606731
0.12977038
0.036302358
0.010095493
-0.030720053
-0.070348956
0.014099274
0.037329007
0.09526606
-0.007700522
-0.064582646
-0.030970631
0.028710911
-0.0064630182
0.006931395
0.12322528
0.18386452
0.123240285
0.2977533
0.259274
0.18323088
0.26003408
0.17810173
0.25134194
-0.081853084
0.02770274
-0.042613693
0.06888563
0.09158196
-0.099198125
-0.08355396
-0.0807901
-0.020458395
-0.10843378
0.030452814
-0.030634042
0.007385774
0.019784302
0.17748116
0.10316321
0.065012924
0.025581649
0.15582734
0.16838588
0.18497011
0.2007095
0.23914818
0.21868281
0.074341714
0.14594878
0.15411714
0.27642322
-0.13580477
-0.02432405
-0.031383403
0.100801535
0.0048459154
-0.055320818
-0.108686745
-0.042152885
-0.0540653
-0.055268433
0.06628972
0.0018932347
0.04491755
0.09757963
0.2428317
0.13434026
0.11069876
0.14530906
0.2664418
0.22678876
0.17050245
0.22654651
0.2761258
0.4080564
0.26229122
0.129077
0.24533896
0.16578385
0.15597497
0.06484881
0.27765766
0.17537746
0.017816763
-0.011658004
0.04531383
0.08685881
0.05254656
-0.07305354
-0.011945993
0.029571338
0.111128934
0.13692974
0.29663542
0.14602822
0.15441927
0.16424546
0.23674788
0.28034428
0.32481354
0.30411127
0.29633233
0.4124668
0.40880007
0.35342485
0.15955524
0.27134618
0.103540614
-0.080619246
0.2455985
0.1223953
-0.02453279
-0.012822047
0.09570807
0.13004586
0.027292572
0.06389258
0.09107423
0.25587863
0.18847099
0.293307
0.23870875
0.23633952
0.19446185
0.25249115
0.26293668
0.06909003
0.1028829
0.111723885
0.17430854
0.46797147
0.50242925
0.33571485
0.16317202
0.090551764
0.20055823
0.039439835
0.19378257
0.15210947
-0.13414088
0.03764223
0.055630263
0.019315843
0.07124716
0.025610916
-0.037663735
0.15474309
0.16108222
0.18027255
0.16006127
0.1493062
0.21266411
0.2365453
0.23188916
0.17989212
0.06990185
0.051456597
0.13453496
0.33936143
0.27328768
0.28013387
0.1709498
0.08667483
0.14489362
0.059800178
0.12592433
0.10262491
0.025355453
-0.0016891523
0.11042605
0.05549984
0.05484366
0.0027346176
-0.043461375
0.061288845
0.0075520077
0.0673223
0.06291834
0.054097492
0.16728704
0.14379358
0.1595101
0.27433082
0.13604522
0.04975028
0.06336589
0.06058564
0.21350604
0.38063133
0.12841775
-0.0325906
0.17946146
0.10272785
0.25612894
0.09675825
0.038651094
0.07301389
0.027924592
0.0013676734
-0.07583635
-0.104932025
0.031302355
0.11564164
0.12763557
0.121502936
0.12238779
0.16532713
0.123807386
0.17402676
0.040833697
0.09671321
-0.020222163
-0.13360669
0.021344079
0.06548852
0.20473686
0.20257625
0.23543483
0.00950252
0.083305605
0.07546221
0.107543044
-0.032153107
-0.07873799
0.0011578245
-0.030526405
-0.16511327
-0.19602218
-0.16623013
-0.15656394
0.075861216
-0.05035907
0.16169415
0.13676254
0.09841734
0.089548625
0.2392272
0.12571198
0.09937057
0.039642088
-0.05074111
0.005702058
0.10693297
0.15675884
0.11957843
0.2712486
0.32509705
0.075023904
-0.07150106
-0.19756973
-0.16765723
-0.34099802
-0.18341574
-0.1880566
-0.10422161
-0.14443402
-0.079643086
-0.03670946
0.07254229
0.06919818
0.11571045
0.121227905
0.19096003
-0.00892286
0.028736228
0.09708231
0.11316331
0.05126174
-0.009405582
0.1329627
0.15962517
0.0722304
0.106539614
0.23142627
0.23227169
-0.173841
-0.30751985
-0.15598051
-0.17881349
-0.29442134
-0.29500848
-0.3619161
-0.15642448
-0.030171188
0.012052438
0.115320034
0.17486371
0.16912341
0.17593595
0.10452833
0.10015664
0.01376056
0.026974233
0.0019064035
-0.10029108
-0.09682443
-0.02306995
0.07110455
-0.053307243
-9.337841e-06
0.01456063
0.19667827
0.32046837
-0.25596476
-0.16597964
-0.06314385
-0.17111516
-0.34621838
-0.26958004
-0.28336155
-0.07428583
0.05240705
0.15538952
0.10110386
0.100900754
0.2271177
0.16300717
0.07851162
0.05458414
0.15613748
0.09317343
-0.014679357
-0.036930654
0.09234446
0.019113207
0.00639886
-0.0023767175
-0.029010404
-0.049452182
0.21847355
0.32812864
-0.27341235
-0.13530892
0.012922862
-0.15223706
-0.2986457
-0.30719152
-0.208191
-0.06887941
0.040598165
-0.0056299022
0.0690416
0.25083652
0.16897221
0.12550221
0.055693597
0.11510424
0.15621325
0.05417376
0.0015220868
0.07362042
0.051222086
0.09510567
0.0035753164
0.056740202
0.09019214
0.07656323
0.14153342
0.08697861
0.04157979
-0.05620458
0.037520368
-0.05285186
-0.2016071
-0.21935304
-0.16472973
-0.1171226
0.073021956
0.07736711
0.11282547
0.118093856
0.07994631
0.18411903
0.103393435
0.09846795
0.14167535
0.1548137
0.17343056
0.17362238
0.09448781
0.18358007
0.07371832
0.004893329
0.07779684
0.12792484
0.22376579
0.0043699145
0.22772686
0.092635415
0.26107344
0.06224224
0.037818935
-0.14655621
-0.037128147
-0.12573473
0.058581073
-0.010696937
0.0032362004
-0.001685782
-0.021457197
0.07044119
0.040181074
0.095534764
0.12236196
0.13367127
0.21452732
0.19768217
0.19003831
0.22432801
0.05671959
0.020544931
0.10896193
0.29491794
0.108558565
-0.05653129
-0.012810027
0.086649865
0.27344027
0.14135727
0.01638198
-0.17989561
-0.14762783
-0.21711649
-0.20005713
0.026875237
0.08942301
-0.023865175
0.0070847985
0.12272327
0.1759112
0.19225729
0.06832203
0.0945188
0.17082123
0.05074981
0.030167287
0.11209319
-0.011978178
0.0033571576
0.14771385
0.1608842
-0.10239588
-0.071870014
0.039543882
0.080845065
0.17639615
0.13520193
-0.066303335
-0.25787827
-0.29080012
-0.24631616
-0.11877321
-0.07798501
-0.016995551
0.014709504
-0.09331357
0.036049742
0.06772066
0.15674944
0.15931137
0.008754865
0.03057925
-0.053501308
-0.040923543
0.010382091
-0.054973196
0.007140667
-0.012884062
0.061074466
-0.0868448
-0.21981287
0.13426669
0.015716447
0.22952798
0.10721237
-0.10646295
-0.25884813
-0.2575273
-0.07485764
0.020423388
0.0015951382
0.009317354
0.005619239
-0.01107377
-0.027034638
-0.027302252
0.19291604
0.15643899
-0.06553086
-0.0855723
-0.06816688
-0.066047624
0.06272202
-0.09153739
0.04649299
-0.016018273
0.05331245
-0.035906788
-0.12421203
0.11183502
-0.0007685692
0.16460283
-0.026342547
-0.20436902
-0.29025793
-0.20324618
-0.038461696
-0.052601267
0.010411082
-0.03904033
-0.03818202
0.006749987
0.0025876672
0.0051650754
0.03716708
0.039064456
-0.035392616
-0.05832548
-0.06285775
-0.0303047
0.014462969
-0.11963925
-0.074665695
-0.025023645
0.05994081
-0.02239594
0.06697076
0.11008819
0.1257256
0.12040143
0.0366649
-0.016102612
0.015704302
0.03778281
-0.049554896
0.04743734
0.02944828
-0.049265776
-0.109393746
-0.029089203
0.057432566
0.037582505
0.1490398
0.099298194
0.036360085
-0.10333575
-0.015898004
0.045475684
0.07573773
-0.009576465
0.002740175
0.1158774
0.12758298
0.038622383
0.06967757
0.09397368
0.03147004
0.030868666
0.038945526
0.099786624
0.03892295
0.03344204
0.05704293
0.12578534
0.14290425
0.020253103
0.033057522
0.05930621
0.1611321
0.18845333
0.2448021
0.16804871
0.031061705
-0.0036809335
0.13692774
0.1349235
0.124387145
0.11238518
0.14001127
0.19375135
0.1969375
0.10433521
0.08055458
0.039645877
0.054764595
-0.000744843
0.08582773
0.12169676
0.11665182
0.16426232
0.22971591
0.22705215
0.19573167
0.09279851
0.07619176
0.14962813
0.15596871
0.19947372
0.29660064
0.18249658
0.091172226
0.03969844
0.119001634
0.12503634
0.12017235
0.10822997
0.0884613
0.13830946
0.1335486
-0.050898436
-0.24211931
-0.050437298
0.082738966
-0.0016436481
0.09623299
0.19524515
0.29526097
0.3024377
0.29790795
0.35368666
0.21787454
0.12878883
0.08564412
0.18513781
0.28919423
0.1944732
0.15280806
0.11290827
0.034591734
-0.12274322
0.11638615
0.12213378
0.23637168
0.090801656
0.15856688
0.18955971
0.083931714
-0.13090214
-0.05923271
0.18232079
0.18409349
0.12704535
0.10317177
0.18030815
0.28112474
0.26984778
0.33982694
0.3173093
0.3233877
0.29063308
0.18200402
0.17626177
0.2567308
0.14220515
0.22345968
0.090290815
-0.06799954
-0.12304484
0.038159087
0.088096544
0.17208344
0.09050079
